/*--------------------------------*- C++ -*----------------------------------*\
| =========                 |                                                 |
| \\      /  F ield         | OpenFOAM Extend Project: Open source CFD        |
|  \\    /   O peration     | Version:  1.6-ext                               |
|   \\  /    A nd           | Web:      www.extend-project.de                 |
|    \\/     M anipulation  |                                                 |
\*---------------------------------------------------------------------------*/
FoamFile
{
    version     2.0;
    format      ascii;
    class       vectorField;
    location    "0.15/polyMesh";
    object      points;
}
// * * * * * * * * * * * * * * * * * * * * * * * * * * * * * * * * * * * * * //


830
(
(0.299542 0.20999 0.025334)
(0.299537 0.189994 0.025334)
(0.600049 0.189839 0.025334)
(0.595041 0.189841 0.025334)
(0.590033 0.189844 0.025334)
(0.585025 0.189847 0.025334)
(0.580017 0.18985 0.025334)
(0.575009 0.189853 0.025334)
(0.570001 0.189856 0.025334)
(0.564993 0.189859 0.025334)
(0.559985 0.189862 0.025334)
(0.554977 0.189864 0.025334)
(0.549969 0.189867 0.025334)
(0.544961 0.18987 0.025334)
(0.539953 0.189873 0.025334)
(0.534945 0.189876 0.025334)
(0.529936 0.189879 0.025334)
(0.524928 0.189882 0.025334)
(0.51992 0.189885 0.025334)
(0.514912 0.189887 0.025334)
(0.509903 0.18989 0.025334)
(0.504895 0.189893 0.025334)
(0.499887 0.189896 0.025334)
(0.494878 0.189899 0.025334)
(0.48987 0.189902 0.025334)
(0.484861 0.189905 0.025334)
(0.479853 0.189907 0.025334)
(0.474845 0.18991 0.025334)
(0.469836 0.189913 0.025334)
(0.464828 0.189916 0.025334)
(0.459819 0.189919 0.025334)
(0.45481 0.189921 0.025334)
(0.449802 0.189924 0.025334)
(0.444793 0.189927 0.025334)
(0.439785 0.18993 0.025334)
(0.434776 0.189932 0.025334)
(0.429767 0.189935 0.025334)
(0.424759 0.189938 0.025334)
(0.41975 0.189941 0.025334)
(0.414741 0.189943 0.025334)
(0.409733 0.189946 0.025334)
(0.404724 0.189949 0.025334)
(0.399715 0.189951 0.025334)
(0.394706 0.189954 0.025334)
(0.389697 0.189956 0.025334)
(0.384689 0.189959 0.025334)
(0.37968 0.189961 0.025334)
(0.374671 0.189964 0.025334)
(0.369662 0.189966 0.025334)
(0.364653 0.189969 0.025334)
(0.359644 0.189971 0.025334)
(0.354635 0.189973 0.025334)
(0.349626 0.189975 0.025334)
(0.344618 0.189978 0.025334)
(0.339609 0.18998 0.025334)
(0.3346 0.189982 0.025334)
(0.329591 0.189984 0.025334)
(0.324582 0.189986 0.025334)
(0.319573 0.189988 0.025334)
(0.314564 0.189989 0.025334)
(0.309555 0.189991 0.025334)
(0.304546 0.189993 0.025334)
(0.600055 0.199838 0.025334)
(0.600052 0.194838 0.025334)
(0.60006 0.209838 0.025334)
(0.600057 0.204838 0.025334)
(0.304552 0.209989 0.025334)
(0.309561 0.209987 0.025334)
(0.31457 0.209985 0.025334)
(0.31958 0.209984 0.025334)
(0.324589 0.209982 0.025334)
(0.329598 0.20998 0.025334)
(0.334608 0.209978 0.025334)
(0.339617 0.209976 0.025334)
(0.344626 0.209974 0.025334)
(0.349635 0.209972 0.025334)
(0.354644 0.20997 0.025334)
(0.359653 0.209967 0.025334)
(0.364662 0.209965 0.025334)
(0.369671 0.209963 0.025334)
(0.37468 0.20996 0.025334)
(0.379689 0.209958 0.025334)
(0.384698 0.209956 0.025334)
(0.389707 0.209953 0.025334)
(0.394716 0.209951 0.025334)
(0.399725 0.209948 0.025334)
(0.404734 0.209946 0.025334)
(0.409743 0.209943 0.025334)
(0.414752 0.20994 0.025334)
(0.419761 0.209938 0.025334)
(0.424769 0.209935 0.025334)
(0.429778 0.209933 0.025334)
(0.434787 0.20993 0.025334)
(0.439795 0.209927 0.025334)
(0.444804 0.209925 0.025334)
(0.449813 0.209922 0.025334)
(0.454821 0.209919 0.025334)
(0.45983 0.209916 0.025334)
(0.464839 0.209914 0.025334)
(0.469847 0.209911 0.025334)
(0.474856 0.209908 0.025334)
(0.479864 0.209905 0.025334)
(0.484873 0.209903 0.025334)
(0.489881 0.2099 0.025334)
(0.494889 0.209897 0.025334)
(0.499898 0.209894 0.025334)
(0.504906 0.209892 0.025334)
(0.509915 0.209889 0.025334)
(0.514923 0.209886 0.025334)
(0.519931 0.209883 0.025334)
(0.524939 0.20988 0.025334)
(0.529948 0.209878 0.025334)
(0.534956 0.209875 0.025334)
(0.539964 0.209872 0.025334)
(0.544972 0.209869 0.025334)
(0.54998 0.209866 0.025334)
(0.554989 0.209864 0.025334)
(0.559997 0.209861 0.025334)
(0.565005 0.209858 0.025334)
(0.570013 0.209855 0.025334)
(0.575021 0.209852 0.025334)
(0.580029 0.209849 0.025334)
(0.585037 0.209847 0.025334)
(0.590045 0.209844 0.025334)
(0.595053 0.209841 0.025334)
(0.248991 0.21 0.025334)
(0.249991 0.209999 0.025334)
(0.251063 0.209999 0.025334)
(0.252214 0.209999 0.025334)
(0.253448 0.209998 0.025334)
(0.254771 0.209998 0.025334)
(0.25619 0.209998 0.025334)
(0.257713 0.209998 0.025334)
(0.259345 0.209998 0.025334)
(0.261097 0.209998 0.025334)
(0.262975 0.209997 0.025334)
(0.264989 0.209997 0.025334)
(0.267149 0.209997 0.025334)
(0.269466 0.209997 0.025334)
(0.271951 0.209996 0.025334)
(0.274616 0.209996 0.025334)
(0.277475 0.209995 0.025334)
(0.28054 0.209995 0.025334)
(0.283828 0.209994 0.025334)
(0.287354 0.209993 0.025334)
(0.291136 0.209992 0.025334)
(0.295192 0.209991 0.025334)
(0.248991 0.19 0.025334)
(0.295187 0.189995 0.025334)
(0.291131 0.189996 0.025334)
(0.28735 0.189997 0.025334)
(0.283824 0.189998 0.025334)
(0.280536 0.189998 0.025334)
(0.277471 0.189999 0.025334)
(0.274613 0.189999 0.025334)
(0.271948 0.19 0.025334)
(0.269464 0.19 0.025334)
(0.267147 0.19 0.025334)
(0.264987 0.190001 0.025334)
(0.262973 0.190001 0.025334)
(0.261095 0.190001 0.025334)
(0.259344 0.190001 0.025334)
(0.257712 0.190001 0.025334)
(0.256189 0.190001 0.025334)
(0.25477 0.190001 0.025334)
(0.253447 0.190001 0.025334)
(0.252213 0.190001 0.025334)
(0.251063 0.190001 0.025334)
(0.249991 0.190001 0.025334)
(0.24899 0.195 0.025334)
(0.24899 0.2 0.025334)
(0.24899 0.205 0.025334)
(0.24999 0.195 0.025334)
(0.251063 0.195 0.025334)
(0.252213 0.195 0.025334)
(0.253447 0.195001 0.025334)
(0.25477 0.195001 0.025334)
(0.25619 0.195001 0.025334)
(0.257712 0.195 0.025334)
(0.259344 0.195 0.025334)
(0.261095 0.195 0.025334)
(0.262973 0.195 0.025334)
(0.264987 0.195 0.025334)
(0.267148 0.195 0.025334)
(0.269464 0.194999 0.025334)
(0.271949 0.194999 0.025334)
(0.274614 0.194999 0.025334)
(0.277472 0.194998 0.025334)
(0.280537 0.194998 0.025334)
(0.283825 0.194997 0.025334)
(0.287351 0.194996 0.025334)
(0.291133 0.194995 0.025334)
(0.295188 0.194994 0.025334)
(0.299538 0.194993 0.025334)
(0.304547 0.194992 0.025334)
(0.309556 0.19499 0.025334)
(0.314565 0.194988 0.025334)
(0.319574 0.194987 0.025334)
(0.324584 0.194985 0.025334)
(0.329593 0.194983 0.025334)
(0.334602 0.194981 0.025334)
(0.339611 0.194979 0.025334)
(0.34462 0.194977 0.025334)
(0.349629 0.194975 0.025334)
(0.354638 0.194972 0.025334)
(0.359646 0.19497 0.025334)
(0.364655 0.194968 0.025334)
(0.369664 0.194965 0.025334)
(0.374673 0.194963 0.025334)
(0.379682 0.194961 0.025334)
(0.384691 0.194958 0.025334)
(0.3897 0.194956 0.025334)
(0.394709 0.194953 0.025334)
(0.399718 0.19495 0.025334)
(0.404726 0.194948 0.025334)
(0.409735 0.194945 0.025334)
(0.414744 0.194943 0.025334)
(0.419753 0.19494 0.025334)
(0.424761 0.194937 0.025334)
(0.42977 0.194935 0.025334)
(0.434779 0.194932 0.025334)
(0.439787 0.194929 0.025334)
(0.444796 0.194926 0.025334)
(0.449805 0.194924 0.025334)
(0.454813 0.194921 0.025334)
(0.459822 0.194918 0.025334)
(0.46483 0.194915 0.025334)
(0.469839 0.194913 0.025334)
(0.474847 0.19491 0.025334)
(0.479856 0.194907 0.025334)
(0.484864 0.194904 0.025334)
(0.489873 0.194901 0.025334)
(0.494881 0.194898 0.025334)
(0.499889 0.194896 0.025334)
(0.504898 0.194893 0.025334)
(0.509906 0.19489 0.025334)
(0.514914 0.194887 0.025334)
(0.519923 0.194884 0.025334)
(0.524931 0.194881 0.025334)
(0.529939 0.194879 0.025334)
(0.534947 0.194876 0.025334)
(0.539956 0.194873 0.025334)
(0.544964 0.19487 0.025334)
(0.549972 0.194867 0.025334)
(0.55498 0.194864 0.025334)
(0.559988 0.194861 0.025334)
(0.564996 0.194858 0.025334)
(0.570004 0.194856 0.025334)
(0.575012 0.194853 0.025334)
(0.58002 0.19485 0.025334)
(0.585028 0.194847 0.025334)
(0.590036 0.194844 0.025334)
(0.595044 0.194841 0.025334)
(0.24999 0.2 0.025334)
(0.251063 0.2 0.025334)
(0.252213 0.2 0.025334)
(0.253447 0.2 0.025334)
(0.25477 0.2 0.025334)
(0.25619 0.2 0.025334)
(0.257712 0.2 0.025334)
(0.259345 0.2 0.025334)
(0.261096 0.199999 0.025334)
(0.262974 0.199999 0.025334)
(0.264988 0.199999 0.025334)
(0.267148 0.199999 0.025334)
(0.269465 0.199999 0.025334)
(0.27195 0.199998 0.025334)
(0.274615 0.199998 0.025334)
(0.277473 0.199997 0.025334)
(0.280538 0.199997 0.025334)
(0.283826 0.199996 0.025334)
(0.287352 0.199995 0.025334)
(0.291134 0.199994 0.025334)
(0.29519 0.199993 0.025334)
(0.29954 0.199992 0.025334)
(0.304549 0.199991 0.025334)
(0.309558 0.199989 0.025334)
(0.314567 0.199987 0.025334)
(0.319576 0.199986 0.025334)
(0.324585 0.199984 0.025334)
(0.329594 0.199982 0.025334)
(0.334604 0.19998 0.025334)
(0.339613 0.199978 0.025334)
(0.344622 0.199976 0.025334)
(0.349631 0.199974 0.025334)
(0.35464 0.199972 0.025334)
(0.359649 0.199969 0.025334)
(0.364658 0.199967 0.025334)
(0.369667 0.199965 0.025334)
(0.374676 0.199962 0.025334)
(0.379685 0.19996 0.025334)
(0.384693 0.199957 0.025334)
(0.389702 0.199955 0.025334)
(0.394711 0.199952 0.025334)
(0.39972 0.19995 0.025334)
(0.404729 0.199947 0.025334)
(0.409738 0.199945 0.025334)
(0.414746 0.199942 0.025334)
(0.419755 0.199939 0.025334)
(0.424764 0.199937 0.025334)
(0.429773 0.199934 0.025334)
(0.434781 0.199931 0.025334)
(0.43979 0.199929 0.025334)
(0.444799 0.199926 0.025334)
(0.449807 0.199923 0.025334)
(0.454816 0.19992 0.025334)
(0.459824 0.199918 0.025334)
(0.464833 0.199915 0.025334)
(0.469842 0.199912 0.025334)
(0.47485 0.199909 0.025334)
(0.479859 0.199906 0.025334)
(0.484867 0.199904 0.025334)
(0.489875 0.199901 0.025334)
(0.494884 0.199898 0.025334)
(0.499892 0.199895 0.025334)
(0.504901 0.199892 0.025334)
(0.509909 0.19989 0.025334)
(0.514917 0.199887 0.025334)
(0.519925 0.199884 0.025334)
(0.524934 0.199881 0.025334)
(0.529942 0.199878 0.025334)
(0.53495 0.199875 0.025334)
(0.539958 0.199873 0.025334)
(0.544967 0.19987 0.025334)
(0.549975 0.199867 0.025334)
(0.554983 0.199864 0.025334)
(0.559991 0.199861 0.025334)
(0.564999 0.199858 0.025334)
(0.570007 0.199855 0.025334)
(0.575015 0.199853 0.025334)
(0.580023 0.19985 0.025334)
(0.585031 0.199847 0.025334)
(0.590039 0.199844 0.025334)
(0.595047 0.199841 0.025334)
(0.24999 0.205 0.025334)
(0.251063 0.205 0.025334)
(0.252213 0.204999 0.025334)
(0.253447 0.204999 0.025334)
(0.254771 0.204999 0.025334)
(0.25619 0.204999 0.025334)
(0.257712 0.204999 0.025334)
(0.259345 0.204999 0.025334)
(0.261096 0.204999 0.025334)
(0.262974 0.204998 0.025334)
(0.264988 0.204998 0.025334)
(0.267149 0.204998 0.025334)
(0.269466 0.204998 0.025334)
(0.27195 0.204997 0.025334)
(0.274615 0.204997 0.025334)
(0.277474 0.204996 0.025334)
(0.280539 0.204996 0.025334)
(0.283827 0.204995 0.025334)
(0.287353 0.204994 0.025334)
(0.291135 0.204993 0.025334)
(0.295191 0.204992 0.025334)
(0.299541 0.204991 0.025334)
(0.30455 0.20499 0.025334)
(0.30956 0.204988 0.025334)
(0.314569 0.204986 0.025334)
(0.319578 0.204985 0.025334)
(0.324587 0.204983 0.025334)
(0.329596 0.204981 0.025334)
(0.334606 0.204979 0.025334)
(0.339615 0.204977 0.025334)
(0.344624 0.204975 0.025334)
(0.349633 0.204973 0.025334)
(0.354642 0.204971 0.025334)
(0.359651 0.204968 0.025334)
(0.36466 0.204966 0.025334)
(0.369669 0.204964 0.025334)
(0.374678 0.204961 0.025334)
(0.379687 0.204959 0.025334)
(0.384696 0.204956 0.025334)
(0.389705 0.204954 0.025334)
(0.394714 0.204951 0.025334)
(0.399723 0.204949 0.025334)
(0.404731 0.204946 0.025334)
(0.40974 0.204944 0.025334)
(0.414749 0.204941 0.025334)
(0.419758 0.204939 0.025334)
(0.424767 0.204936 0.025334)
(0.429775 0.204933 0.025334)
(0.434784 0.204931 0.025334)
(0.439793 0.204928 0.025334)
(0.444801 0.204925 0.025334)
(0.44981 0.204922 0.025334)
(0.454819 0.20492 0.025334)
(0.459827 0.204917 0.025334)
(0.464836 0.204914 0.025334)
(0.469844 0.204911 0.025334)
(0.474853 0.204909 0.025334)
(0.479861 0.204906 0.025334)
(0.48487 0.204903 0.025334)
(0.489878 0.2049 0.025334)
(0.494887 0.204898 0.025334)
(0.499895 0.204895 0.025334)
(0.504903 0.204892 0.025334)
(0.509912 0.204889 0.025334)
(0.51492 0.204886 0.025334)
(0.519928 0.204884 0.025334)
(0.524937 0.204881 0.025334)
(0.529945 0.204878 0.025334)
(0.534953 0.204875 0.025334)
(0.539961 0.204872 0.025334)
(0.544969 0.204869 0.025334)
(0.549978 0.204867 0.025334)
(0.554986 0.204864 0.025334)
(0.559994 0.204861 0.025334)
(0.565002 0.204858 0.025334)
(0.57001 0.204855 0.025334)
(0.575018 0.204852 0.025334)
(0.580026 0.20485 0.025334)
(0.585034 0.204847 0.025334)
(0.590042 0.204844 0.025334)
(0.59505 0.204841 0.025334)
(0.299542 0.20999 -0.025334)
(0.299537 0.189994 -0.025334)
(0.600049 0.189839 -0.025334)
(0.595041 0.189841 -0.025334)
(0.590033 0.189844 -0.025334)
(0.585025 0.189847 -0.025334)
(0.580017 0.18985 -0.025334)
(0.575009 0.189853 -0.025334)
(0.570001 0.189856 -0.025334)
(0.564993 0.189859 -0.025334)
(0.559985 0.189862 -0.025334)
(0.554977 0.189864 -0.025334)
(0.549969 0.189867 -0.025334)
(0.544961 0.18987 -0.025334)
(0.539953 0.189873 -0.025334)
(0.534945 0.189876 -0.025334)
(0.529936 0.189879 -0.025334)
(0.524928 0.189882 -0.025334)
(0.51992 0.189885 -0.025334)
(0.514912 0.189887 -0.025334)
(0.509903 0.18989 -0.025334)
(0.504895 0.189893 -0.025334)
(0.499887 0.189896 -0.025334)
(0.494878 0.189899 -0.025334)
(0.48987 0.189902 -0.025334)
(0.484861 0.189905 -0.025334)
(0.479853 0.189907 -0.025334)
(0.474845 0.18991 -0.025334)
(0.469836 0.189913 -0.025334)
(0.464828 0.189916 -0.025334)
(0.459819 0.189919 -0.025334)
(0.45481 0.189921 -0.025334)
(0.449802 0.189924 -0.025334)
(0.444793 0.189927 -0.025334)
(0.439785 0.18993 -0.025334)
(0.434776 0.189932 -0.025334)
(0.429767 0.189935 -0.025334)
(0.424759 0.189938 -0.025334)
(0.41975 0.189941 -0.025334)
(0.414741 0.189943 -0.025334)
(0.409733 0.189946 -0.025334)
(0.404724 0.189949 -0.025334)
(0.399715 0.189951 -0.025334)
(0.394706 0.189954 -0.025334)
(0.389697 0.189956 -0.025334)
(0.384689 0.189959 -0.025334)
(0.37968 0.189961 -0.025334)
(0.374671 0.189964 -0.025334)
(0.369662 0.189966 -0.025334)
(0.364653 0.189969 -0.025334)
(0.359644 0.189971 -0.025334)
(0.354635 0.189973 -0.025334)
(0.349626 0.189975 -0.025334)
(0.344618 0.189978 -0.025334)
(0.339609 0.18998 -0.025334)
(0.3346 0.189982 -0.025334)
(0.329591 0.189984 -0.025334)
(0.324582 0.189986 -0.025334)
(0.319573 0.189988 -0.025334)
(0.314564 0.189989 -0.025334)
(0.309555 0.189991 -0.025334)
(0.304546 0.189993 -0.025334)
(0.600055 0.199838 -0.025334)
(0.600052 0.194838 -0.025334)
(0.60006 0.209838 -0.025334)
(0.600057 0.204838 -0.025334)
(0.304552 0.209989 -0.025334)
(0.309561 0.209987 -0.025334)
(0.31457 0.209985 -0.025334)
(0.31958 0.209984 -0.025334)
(0.324589 0.209982 -0.025334)
(0.329598 0.20998 -0.025334)
(0.334608 0.209978 -0.025334)
(0.339617 0.209976 -0.025334)
(0.344626 0.209974 -0.025334)
(0.349635 0.209972 -0.025334)
(0.354644 0.20997 -0.025334)
(0.359653 0.209967 -0.025334)
(0.364662 0.209965 -0.025334)
(0.369671 0.209963 -0.025334)
(0.37468 0.20996 -0.025334)
(0.379689 0.209958 -0.025334)
(0.384698 0.209956 -0.025334)
(0.389707 0.209953 -0.025334)
(0.394716 0.209951 -0.025334)
(0.399725 0.209948 -0.025334)
(0.404734 0.209946 -0.025334)
(0.409743 0.209943 -0.025334)
(0.414752 0.20994 -0.025334)
(0.419761 0.209938 -0.025334)
(0.424769 0.209935 -0.025334)
(0.429778 0.209933 -0.025334)
(0.434787 0.20993 -0.025334)
(0.439795 0.209927 -0.025334)
(0.444804 0.209925 -0.025334)
(0.449813 0.209922 -0.025334)
(0.454821 0.209919 -0.025334)
(0.45983 0.209916 -0.025334)
(0.464839 0.209914 -0.025334)
(0.469847 0.209911 -0.025334)
(0.474856 0.209908 -0.025334)
(0.479864 0.209905 -0.025334)
(0.484873 0.209903 -0.025334)
(0.489881 0.2099 -0.025334)
(0.494889 0.209897 -0.025334)
(0.499898 0.209894 -0.025334)
(0.504906 0.209892 -0.025334)
(0.509915 0.209889 -0.025334)
(0.514923 0.209886 -0.025334)
(0.519931 0.209883 -0.025334)
(0.524939 0.20988 -0.025334)
(0.529948 0.209878 -0.025334)
(0.534956 0.209875 -0.025334)
(0.539964 0.209872 -0.025334)
(0.544972 0.209869 -0.025334)
(0.54998 0.209866 -0.025334)
(0.554989 0.209864 -0.025334)
(0.559997 0.209861 -0.025334)
(0.565005 0.209858 -0.025334)
(0.570013 0.209855 -0.025334)
(0.575021 0.209852 -0.025334)
(0.580029 0.209849 -0.025334)
(0.585037 0.209847 -0.025334)
(0.590045 0.209844 -0.025334)
(0.595053 0.209841 -0.025334)
(0.248991 0.21 -0.025334)
(0.249991 0.209999 -0.025334)
(0.251063 0.209999 -0.025334)
(0.252214 0.209999 -0.025334)
(0.253448 0.209998 -0.025334)
(0.254771 0.209998 -0.025334)
(0.25619 0.209998 -0.025334)
(0.257713 0.209998 -0.025334)
(0.259345 0.209998 -0.025334)
(0.261097 0.209998 -0.025334)
(0.262975 0.209997 -0.025334)
(0.264989 0.209997 -0.025334)
(0.267149 0.209997 -0.025334)
(0.269466 0.209997 -0.025334)
(0.271951 0.209996 -0.025334)
(0.274616 0.209996 -0.025334)
(0.277475 0.209995 -0.025334)
(0.28054 0.209995 -0.025334)
(0.283828 0.209994 -0.025334)
(0.287354 0.209993 -0.025334)
(0.291136 0.209992 -0.025334)
(0.295192 0.209991 -0.025334)
(0.248991 0.19 -0.025334)
(0.295187 0.189995 -0.025334)
(0.291131 0.189996 -0.025334)
(0.28735 0.189997 -0.025334)
(0.283824 0.189998 -0.025334)
(0.280536 0.189998 -0.025334)
(0.277471 0.189999 -0.025334)
(0.274613 0.189999 -0.025334)
(0.271948 0.19 -0.025334)
(0.269464 0.19 -0.025334)
(0.267147 0.19 -0.025334)
(0.264987 0.190001 -0.025334)
(0.262973 0.190001 -0.025334)
(0.261095 0.190001 -0.025334)
(0.259344 0.190001 -0.025334)
(0.257712 0.190001 -0.025334)
(0.256189 0.190001 -0.025334)
(0.25477 0.190001 -0.025334)
(0.253447 0.190001 -0.025334)
(0.252213 0.190001 -0.025334)
(0.251063 0.190001 -0.025334)
(0.249991 0.190001 -0.025334)
(0.24899 0.195 -0.025334)
(0.24899 0.2 -0.025334)
(0.24899 0.205 -0.025334)
(0.24999 0.195 -0.025334)
(0.251063 0.195 -0.025334)
(0.252213 0.195 -0.025334)
(0.253447 0.195001 -0.025334)
(0.25477 0.195001 -0.025334)
(0.25619 0.195001 -0.025334)
(0.257712 0.195 -0.025334)
(0.259344 0.195 -0.025334)
(0.261095 0.195 -0.025334)
(0.262973 0.195 -0.025334)
(0.264987 0.195 -0.025334)
(0.267148 0.195 -0.025334)
(0.269464 0.194999 -0.025334)
(0.271949 0.194999 -0.025334)
(0.274614 0.194999 -0.025334)
(0.277472 0.194998 -0.025334)
(0.280537 0.194998 -0.025334)
(0.283825 0.194997 -0.025334)
(0.287351 0.194996 -0.025334)
(0.291133 0.194995 -0.025334)
(0.295188 0.194994 -0.025334)
(0.299538 0.194993 -0.025334)
(0.304547 0.194992 -0.025334)
(0.309556 0.19499 -0.025334)
(0.314565 0.194988 -0.025334)
(0.319574 0.194987 -0.025334)
(0.324584 0.194985 -0.025334)
(0.329593 0.194983 -0.025334)
(0.334602 0.194981 -0.025334)
(0.339611 0.194979 -0.025334)
(0.34462 0.194977 -0.025334)
(0.349629 0.194975 -0.025334)
(0.354638 0.194972 -0.025334)
(0.359646 0.19497 -0.025334)
(0.364655 0.194968 -0.025334)
(0.369664 0.194965 -0.025334)
(0.374673 0.194963 -0.025334)
(0.379682 0.194961 -0.025334)
(0.384691 0.194958 -0.025334)
(0.3897 0.194956 -0.025334)
(0.394709 0.194953 -0.025334)
(0.399718 0.19495 -0.025334)
(0.404726 0.194948 -0.025334)
(0.409735 0.194945 -0.025334)
(0.414744 0.194943 -0.025334)
(0.419753 0.19494 -0.025334)
(0.424761 0.194937 -0.025334)
(0.42977 0.194935 -0.025334)
(0.434779 0.194932 -0.025334)
(0.439787 0.194929 -0.025334)
(0.444796 0.194926 -0.025334)
(0.449805 0.194924 -0.025334)
(0.454813 0.194921 -0.025334)
(0.459822 0.194918 -0.025334)
(0.46483 0.194915 -0.025334)
(0.469839 0.194913 -0.025334)
(0.474847 0.19491 -0.025334)
(0.479856 0.194907 -0.025334)
(0.484864 0.194904 -0.025334)
(0.489873 0.194901 -0.025334)
(0.494881 0.194898 -0.025334)
(0.499889 0.194896 -0.025334)
(0.504898 0.194893 -0.025334)
(0.509906 0.19489 -0.025334)
(0.514914 0.194887 -0.025334)
(0.519923 0.194884 -0.025334)
(0.524931 0.194881 -0.025334)
(0.529939 0.194879 -0.025334)
(0.534947 0.194876 -0.025334)
(0.539956 0.194873 -0.025334)
(0.544964 0.19487 -0.025334)
(0.549972 0.194867 -0.025334)
(0.55498 0.194864 -0.025334)
(0.559988 0.194861 -0.025334)
(0.564996 0.194858 -0.025334)
(0.570004 0.194856 -0.025334)
(0.575012 0.194853 -0.025334)
(0.58002 0.19485 -0.025334)
(0.585028 0.194847 -0.025334)
(0.590036 0.194844 -0.025334)
(0.595044 0.194841 -0.025334)
(0.24999 0.2 -0.025334)
(0.251063 0.2 -0.025334)
(0.252213 0.2 -0.025334)
(0.253447 0.2 -0.025334)
(0.25477 0.2 -0.025334)
(0.25619 0.2 -0.025334)
(0.257712 0.2 -0.025334)
(0.259345 0.2 -0.025334)
(0.261096 0.199999 -0.025334)
(0.262974 0.199999 -0.025334)
(0.264988 0.199999 -0.025334)
(0.267148 0.199999 -0.025334)
(0.269465 0.199999 -0.025334)
(0.27195 0.199998 -0.025334)
(0.274615 0.199998 -0.025334)
(0.277473 0.199997 -0.025334)
(0.280538 0.199997 -0.025334)
(0.283826 0.199996 -0.025334)
(0.287352 0.199995 -0.025334)
(0.291134 0.199994 -0.025334)
(0.29519 0.199993 -0.025334)
(0.29954 0.199992 -0.025334)
(0.304549 0.199991 -0.025334)
(0.309558 0.199989 -0.025334)
(0.314567 0.199987 -0.025334)
(0.319576 0.199986 -0.025334)
(0.324585 0.199984 -0.025334)
(0.329594 0.199982 -0.025334)
(0.334604 0.19998 -0.025334)
(0.339613 0.199978 -0.025334)
(0.344622 0.199976 -0.025334)
(0.349631 0.199974 -0.025334)
(0.35464 0.199972 -0.025334)
(0.359649 0.199969 -0.025334)
(0.364658 0.199967 -0.025334)
(0.369667 0.199965 -0.025334)
(0.374676 0.199962 -0.025334)
(0.379685 0.19996 -0.025334)
(0.384693 0.199957 -0.025334)
(0.389702 0.199955 -0.025334)
(0.394711 0.199952 -0.025334)
(0.39972 0.19995 -0.025334)
(0.404729 0.199947 -0.025334)
(0.409738 0.199945 -0.025334)
(0.414746 0.199942 -0.025334)
(0.419755 0.199939 -0.025334)
(0.424764 0.199937 -0.025334)
(0.429773 0.199934 -0.025334)
(0.434781 0.199931 -0.025334)
(0.43979 0.199929 -0.025334)
(0.444799 0.199926 -0.025334)
(0.449807 0.199923 -0.025334)
(0.454816 0.19992 -0.025334)
(0.459824 0.199918 -0.025334)
(0.464833 0.199915 -0.025334)
(0.469842 0.199912 -0.025334)
(0.47485 0.199909 -0.025334)
(0.479859 0.199906 -0.025334)
(0.484867 0.199904 -0.025334)
(0.489875 0.199901 -0.025334)
(0.494884 0.199898 -0.025334)
(0.499892 0.199895 -0.025334)
(0.504901 0.199892 -0.025334)
(0.509909 0.19989 -0.025334)
(0.514917 0.199887 -0.025334)
(0.519925 0.199884 -0.025334)
(0.524934 0.199881 -0.025334)
(0.529942 0.199878 -0.025334)
(0.53495 0.199875 -0.025334)
(0.539958 0.199873 -0.025334)
(0.544967 0.19987 -0.025334)
(0.549975 0.199867 -0.025334)
(0.554983 0.199864 -0.025334)
(0.559991 0.199861 -0.025334)
(0.564999 0.199858 -0.025334)
(0.570007 0.199855 -0.025334)
(0.575015 0.199853 -0.025334)
(0.580023 0.19985 -0.025334)
(0.585031 0.199847 -0.025334)
(0.590039 0.199844 -0.025334)
(0.595047 0.199841 -0.025334)
(0.24999 0.205 -0.025334)
(0.251063 0.205 -0.025334)
(0.252213 0.204999 -0.025334)
(0.253447 0.204999 -0.025334)
(0.254771 0.204999 -0.025334)
(0.25619 0.204999 -0.025334)
(0.257712 0.204999 -0.025334)
(0.259345 0.204999 -0.025334)
(0.261096 0.204999 -0.025334)
(0.262974 0.204998 -0.025334)
(0.264988 0.204998 -0.025334)
(0.267149 0.204998 -0.025334)
(0.269466 0.204998 -0.025334)
(0.27195 0.204997 -0.025334)
(0.274615 0.204997 -0.025334)
(0.277474 0.204996 -0.025334)
(0.280539 0.204996 -0.025334)
(0.283827 0.204995 -0.025334)
(0.287353 0.204994 -0.025334)
(0.291135 0.204993 -0.025334)
(0.295191 0.204992 -0.025334)
(0.299541 0.204991 -0.025334)
(0.30455 0.20499 -0.025334)
(0.30956 0.204988 -0.025334)
(0.314569 0.204986 -0.025334)
(0.319578 0.204985 -0.025334)
(0.324587 0.204983 -0.025334)
(0.329596 0.204981 -0.025334)
(0.334606 0.204979 -0.025334)
(0.339615 0.204977 -0.025334)
(0.344624 0.204975 -0.025334)
(0.349633 0.204973 -0.025334)
(0.354642 0.204971 -0.025334)
(0.359651 0.204968 -0.025334)
(0.36466 0.204966 -0.025334)
(0.369669 0.204964 -0.025334)
(0.374678 0.204961 -0.025334)
(0.379687 0.204959 -0.025334)
(0.384696 0.204956 -0.025334)
(0.389705 0.204954 -0.025334)
(0.394714 0.204951 -0.025334)
(0.399723 0.204949 -0.025334)
(0.404731 0.204946 -0.025334)
(0.40974 0.204944 -0.025334)
(0.414749 0.204941 -0.025334)
(0.419758 0.204939 -0.025334)
(0.424767 0.204936 -0.025334)
(0.429775 0.204933 -0.025334)
(0.434784 0.204931 -0.025334)
(0.439793 0.204928 -0.025334)
(0.444801 0.204925 -0.025334)
(0.44981 0.204922 -0.025334)
(0.454819 0.20492 -0.025334)
(0.459827 0.204917 -0.025334)
(0.464836 0.204914 -0.025334)
(0.469844 0.204911 -0.025334)
(0.474853 0.204909 -0.025334)
(0.479861 0.204906 -0.025334)
(0.48487 0.204903 -0.025334)
(0.489878 0.2049 -0.025334)
(0.494887 0.204898 -0.025334)
(0.499895 0.204895 -0.025334)
(0.504903 0.204892 -0.025334)
(0.509912 0.204889 -0.025334)
(0.51492 0.204886 -0.025334)
(0.519928 0.204884 -0.025334)
(0.524937 0.204881 -0.025334)
(0.529945 0.204878 -0.025334)
(0.534953 0.204875 -0.025334)
(0.539961 0.204872 -0.025334)
(0.544969 0.204869 -0.025334)
(0.549978 0.204867 -0.025334)
(0.554986 0.204864 -0.025334)
(0.559994 0.204861 -0.025334)
(0.565002 0.204858 -0.025334)
(0.57001 0.204855 -0.025334)
(0.575018 0.204852 -0.025334)
(0.580026 0.20485 -0.025334)
(0.585034 0.204847 -0.025334)
(0.590042 0.204844 -0.025334)
(0.59505 0.204841 -0.025334)
)


// ************************************************************************* //
