/*--------------------------------*- C++ -*----------------------------------*\
| =========                 |                                                 |
| \\      /  F ield         | OpenFOAM Extend Project: Open source CFD        |
|  \\    /   O peration     | Version:  1.6-ext                               |
|   \\  /    A nd           | Web:      www.extend-project.de                 |
|    \\/     M anipulation  |                                                 |
\*---------------------------------------------------------------------------*/
FoamFile
{
    version     2.0;
    format      ascii;
    class       vectorField;
    location    "0.85/polyMesh";
    object      points;
}
// * * * * * * * * * * * * * * * * * * * * * * * * * * * * * * * * * * * * * //


830
(
(0.299507 0.210057 0.025334)
(0.299548 0.190057 0.025334)
(0.600049 0.191306 0.025334)
(0.595041 0.191283 0.025334)
(0.590033 0.191259 0.025334)
(0.585026 0.191236 0.025334)
(0.580018 0.191213 0.025334)
(0.57501 0.191189 0.025334)
(0.570002 0.191166 0.025334)
(0.564994 0.191143 0.025334)
(0.559986 0.191119 0.025334)
(0.554978 0.191096 0.025334)
(0.54997 0.191073 0.025334)
(0.544962 0.191049 0.025334)
(0.539954 0.191026 0.025334)
(0.534947 0.191003 0.025334)
(0.529939 0.190979 0.025334)
(0.524931 0.190956 0.025334)
(0.519923 0.190933 0.025334)
(0.514915 0.190909 0.025334)
(0.509907 0.190886 0.025334)
(0.504899 0.190863 0.025334)
(0.499891 0.19084 0.025334)
(0.494883 0.190816 0.025334)
(0.489875 0.190793 0.025334)
(0.484867 0.19077 0.025334)
(0.479859 0.190747 0.025334)
(0.474851 0.190724 0.025334)
(0.469843 0.190701 0.025334)
(0.464834 0.190678 0.025334)
(0.459826 0.190655 0.025334)
(0.454818 0.190632 0.025334)
(0.44981 0.190609 0.025334)
(0.444802 0.190587 0.025334)
(0.439794 0.190564 0.025334)
(0.434785 0.190542 0.025334)
(0.429777 0.190519 0.025334)
(0.424769 0.190497 0.025334)
(0.419761 0.190475 0.025334)
(0.414752 0.190453 0.025334)
(0.409744 0.190432 0.025334)
(0.404736 0.190411 0.025334)
(0.399727 0.190389 0.025334)
(0.394719 0.190369 0.025334)
(0.38971 0.190348 0.025334)
(0.384702 0.190328 0.025334)
(0.379693 0.190308 0.025334)
(0.374684 0.190288 0.025334)
(0.369676 0.190269 0.025334)
(0.364667 0.19025 0.025334)
(0.359658 0.190232 0.025334)
(0.354649 0.190214 0.025334)
(0.34964 0.190197 0.025334)
(0.344631 0.19018 0.025334)
(0.339622 0.190164 0.025334)
(0.334613 0.190148 0.025334)
(0.329604 0.190133 0.025334)
(0.324595 0.190119 0.025334)
(0.319586 0.190105 0.025334)
(0.314576 0.190092 0.025334)
(0.309567 0.190079 0.025334)
(0.304558 0.190068 0.025334)
(0.600002 0.201306 0.025334)
(0.600026 0.196306 0.025334)
(0.599956 0.211306 0.025334)
(0.599979 0.206306 0.025334)
(0.304513 0.210068 0.025334)
(0.30952 0.210079 0.025334)
(0.314526 0.210092 0.025334)
(0.319532 0.210105 0.025334)
(0.324539 0.210119 0.025334)
(0.329546 0.210133 0.025334)
(0.334552 0.210148 0.025334)
(0.339559 0.210164 0.025334)
(0.344566 0.21018 0.025334)
(0.349572 0.210197 0.025334)
(0.354579 0.210214 0.025334)
(0.359586 0.210232 0.025334)
(0.364593 0.21025 0.025334)
(0.3696 0.210269 0.025334)
(0.374607 0.210288 0.025334)
(0.379615 0.210308 0.025334)
(0.384622 0.210328 0.025334)
(0.389629 0.210348 0.025334)
(0.394636 0.210368 0.025334)
(0.399644 0.210389 0.025334)
(0.404651 0.21041 0.025334)
(0.409659 0.210432 0.025334)
(0.414666 0.210453 0.025334)
(0.419674 0.210475 0.025334)
(0.424681 0.210497 0.025334)
(0.429689 0.210519 0.025334)
(0.434696 0.210541 0.025334)
(0.439704 0.210564 0.025334)
(0.444712 0.210586 0.025334)
(0.44972 0.210609 0.025334)
(0.454727 0.210631 0.025334)
(0.459735 0.210654 0.025334)
(0.464743 0.210677 0.025334)
(0.469751 0.2107 0.025334)
(0.474759 0.210723 0.025334)
(0.479766 0.210746 0.025334)
(0.484774 0.210769 0.025334)
(0.489782 0.210793 0.025334)
(0.49479 0.210816 0.025334)
(0.499798 0.210839 0.025334)
(0.504806 0.210862 0.025334)
(0.509814 0.210886 0.025334)
(0.514822 0.210909 0.025334)
(0.51983 0.210932 0.025334)
(0.524838 0.210956 0.025334)
(0.529845 0.210979 0.025334)
(0.534853 0.211002 0.025334)
(0.539861 0.211026 0.025334)
(0.544869 0.211049 0.025334)
(0.549877 0.211072 0.025334)
(0.554885 0.211096 0.025334)
(0.559893 0.211119 0.025334)
(0.564901 0.211142 0.025334)
(0.569909 0.211166 0.025334)
(0.574917 0.211189 0.025334)
(0.579924 0.211212 0.025334)
(0.584932 0.211236 0.025334)
(0.58994 0.211259 0.025334)
(0.594948 0.211282 0.025334)
(0.248989 0.210001 0.025334)
(0.249989 0.210001 0.025334)
(0.251061 0.210001 0.025334)
(0.252211 0.210002 0.025334)
(0.253444 0.210002 0.025334)
(0.254767 0.210002 0.025334)
(0.256185 0.210003 0.025334)
(0.257706 0.210003 0.025334)
(0.259338 0.210004 0.025334)
(0.261088 0.210005 0.025334)
(0.262964 0.210006 0.025334)
(0.264977 0.210008 0.025334)
(0.267136 0.210009 0.025334)
(0.269451 0.210011 0.025334)
(0.271934 0.210014 0.025334)
(0.274598 0.210017 0.025334)
(0.277454 0.21002 0.025334)
(0.280517 0.210024 0.025334)
(0.283803 0.210029 0.025334)
(0.287327 0.210035 0.025334)
(0.291106 0.210041 0.025334)
(0.29516 0.210049 0.025334)
(0.24899 0.19 0.025334)
(0.295198 0.190048 0.025334)
(0.291141 0.190041 0.025334)
(0.287359 0.190034 0.025334)
(0.283833 0.190029 0.025334)
(0.280545 0.190024 0.025334)
(0.277479 0.19002 0.025334)
(0.27462 0.190016 0.025334)
(0.271955 0.190014 0.025334)
(0.269469 0.190011 0.025334)
(0.267152 0.190009 0.025334)
(0.264992 0.190007 0.025334)
(0.262977 0.190006 0.025334)
(0.261099 0.190005 0.025334)
(0.259347 0.190004 0.025334)
(0.257714 0.190003 0.025334)
(0.256192 0.190002 0.025334)
(0.254772 0.190002 0.025334)
(0.253448 0.190002 0.025334)
(0.252214 0.190001 0.025334)
(0.251064 0.190001 0.025334)
(0.249991 0.190001 0.025334)
(0.24899 0.195 0.025334)
(0.24899 0.2 0.025334)
(0.24899 0.205 0.025334)
(0.24999 0.195 0.025334)
(0.251063 0.195 0.025334)
(0.252213 0.195 0.025334)
(0.253447 0.195001 0.025334)
(0.254771 0.195001 0.025334)
(0.25619 0.195002 0.025334)
(0.257712 0.195002 0.025334)
(0.259345 0.195003 0.025334)
(0.261096 0.195004 0.025334)
(0.262974 0.195005 0.025334)
(0.264988 0.195006 0.025334)
(0.267148 0.195008 0.025334)
(0.269465 0.19501 0.025334)
(0.27195 0.195013 0.025334)
(0.274614 0.195016 0.025334)
(0.277472 0.195019 0.025334)
(0.280538 0.195023 0.025334)
(0.283825 0.195028 0.025334)
(0.287351 0.195034 0.025334)
(0.291133 0.19504 0.025334)
(0.295188 0.195048 0.025334)
(0.299538 0.195056 0.025334)
(0.304546 0.195067 0.025334)
(0.309555 0.195079 0.025334)
(0.314564 0.195091 0.025334)
(0.319572 0.195104 0.025334)
(0.324581 0.195118 0.025334)
(0.329589 0.195132 0.025334)
(0.334598 0.195148 0.025334)
(0.339606 0.195163 0.025334)
(0.344615 0.19518 0.025334)
(0.349623 0.195196 0.025334)
(0.354632 0.195214 0.025334)
(0.35964 0.195232 0.025334)
(0.364648 0.19525 0.025334)
(0.369657 0.195269 0.025334)
(0.374665 0.195288 0.025334)
(0.379673 0.195308 0.025334)
(0.384682 0.195327 0.025334)
(0.38969 0.195348 0.025334)
(0.394698 0.195368 0.025334)
(0.399706 0.195389 0.025334)
(0.404714 0.19541 0.025334)
(0.409723 0.195432 0.025334)
(0.414731 0.195453 0.025334)
(0.419739 0.195475 0.025334)
(0.424747 0.195497 0.025334)
(0.429755 0.195519 0.025334)
(0.434763 0.195541 0.025334)
(0.439771 0.195564 0.025334)
(0.444779 0.195586 0.025334)
(0.449787 0.195609 0.025334)
(0.454795 0.195632 0.025334)
(0.459804 0.195655 0.025334)
(0.464812 0.195678 0.025334)
(0.46982 0.195701 0.025334)
(0.474828 0.195724 0.025334)
(0.479836 0.195747 0.025334)
(0.484844 0.19577 0.025334)
(0.489852 0.195793 0.025334)
(0.49486 0.195816 0.025334)
(0.499868 0.195839 0.025334)
(0.504876 0.195863 0.025334)
(0.509883 0.195886 0.025334)
(0.514891 0.195909 0.025334)
(0.519899 0.195933 0.025334)
(0.524907 0.195956 0.025334)
(0.529915 0.195979 0.025334)
(0.534923 0.196003 0.025334)
(0.539931 0.196026 0.025334)
(0.544939 0.196049 0.025334)
(0.549947 0.196073 0.025334)
(0.554955 0.196096 0.025334)
(0.559963 0.196119 0.025334)
(0.564971 0.196143 0.025334)
(0.569979 0.196166 0.025334)
(0.574986 0.196189 0.025334)
(0.579994 0.196213 0.025334)
(0.585002 0.196236 0.025334)
(0.59001 0.196259 0.025334)
(0.595018 0.196283 0.025334)
(0.24999 0.2 0.025334)
(0.251062 0.2 0.025334)
(0.252213 0.2 0.025334)
(0.253446 0.2 0.025334)
(0.254769 0.200001 0.025334)
(0.256188 0.200001 0.025334)
(0.25771 0.200002 0.025334)
(0.259343 0.200003 0.025334)
(0.261093 0.200003 0.025334)
(0.262971 0.200005 0.025334)
(0.264984 0.200006 0.025334)
(0.267144 0.200008 0.025334)
(0.26946 0.20001 0.025334)
(0.271945 0.200012 0.025334)
(0.274609 0.200015 0.025334)
(0.277466 0.200019 0.025334)
(0.280531 0.200023 0.025334)
(0.283818 0.200028 0.025334)
(0.287343 0.200033 0.025334)
(0.291124 0.20004 0.025334)
(0.295179 0.200047 0.025334)
(0.299528 0.200056 0.025334)
(0.304535 0.200067 0.025334)
(0.309543 0.200078 0.025334)
(0.314551 0.200091 0.025334)
(0.319559 0.200104 0.025334)
(0.324567 0.200118 0.025334)
(0.329575 0.200132 0.025334)
(0.334583 0.200147 0.025334)
(0.339591 0.200163 0.025334)
(0.344599 0.200179 0.025334)
(0.349606 0.200196 0.025334)
(0.354614 0.200214 0.025334)
(0.359622 0.200232 0.025334)
(0.36463 0.20025 0.025334)
(0.369638 0.200269 0.025334)
(0.374646 0.200288 0.025334)
(0.379654 0.200307 0.025334)
(0.384662 0.200327 0.025334)
(0.38967 0.200348 0.025334)
(0.394678 0.200368 0.025334)
(0.399685 0.200389 0.025334)
(0.404693 0.20041 0.025334)
(0.409701 0.200431 0.025334)
(0.414709 0.200453 0.025334)
(0.419717 0.200475 0.025334)
(0.424725 0.200497 0.025334)
(0.429733 0.200519 0.025334)
(0.434741 0.200541 0.025334)
(0.439749 0.200564 0.025334)
(0.444757 0.200586 0.025334)
(0.449765 0.200609 0.025334)
(0.454773 0.200632 0.025334)
(0.459781 0.200654 0.025334)
(0.464789 0.200677 0.025334)
(0.469797 0.2007 0.025334)
(0.474805 0.200723 0.025334)
(0.479813 0.200747 0.025334)
(0.48482 0.20077 0.025334)
(0.489828 0.200793 0.025334)
(0.494836 0.200816 0.025334)
(0.499844 0.200839 0.025334)
(0.504852 0.200863 0.025334)
(0.50986 0.200886 0.025334)
(0.514868 0.200909 0.025334)
(0.519876 0.200932 0.025334)
(0.524884 0.200956 0.025334)
(0.529892 0.200979 0.025334)
(0.5349 0.201002 0.025334)
(0.539908 0.201026 0.025334)
(0.544916 0.201049 0.025334)
(0.549924 0.201072 0.025334)
(0.554932 0.201096 0.025334)
(0.55994 0.201119 0.025334)
(0.564947 0.201142 0.025334)
(0.569955 0.201166 0.025334)
(0.574963 0.201189 0.025334)
(0.579971 0.201213 0.025334)
(0.584979 0.201236 0.025334)
(0.589987 0.201259 0.025334)
(0.594995 0.201283 0.025334)
(0.24999 0.205 0.025334)
(0.251062 0.205 0.025334)
(0.252212 0.205001 0.025334)
(0.253445 0.205001 0.025334)
(0.254768 0.205001 0.025334)
(0.256187 0.205002 0.025334)
(0.257708 0.205002 0.025334)
(0.25934 0.205003 0.025334)
(0.26109 0.205004 0.025334)
(0.262968 0.205005 0.025334)
(0.264981 0.205007 0.025334)
(0.26714 0.205008 0.025334)
(0.269456 0.20501 0.025334)
(0.271939 0.205013 0.025334)
(0.274603 0.205016 0.025334)
(0.27746 0.205019 0.025334)
(0.280524 0.205023 0.025334)
(0.28381 0.205028 0.025334)
(0.287335 0.205034 0.025334)
(0.291115 0.20504 0.025334)
(0.295169 0.205048 0.025334)
(0.299517 0.205056 0.025334)
(0.304524 0.205067 0.025334)
(0.309532 0.205079 0.025334)
(0.314539 0.205091 0.025334)
(0.319546 0.205104 0.025334)
(0.324553 0.205118 0.025334)
(0.32956 0.205132 0.025334)
(0.334568 0.205148 0.025334)
(0.339575 0.205163 0.025334)
(0.344582 0.20518 0.025334)
(0.349589 0.205196 0.025334)
(0.354597 0.205214 0.025334)
(0.359604 0.205232 0.025334)
(0.364612 0.20525 0.025334)
(0.369619 0.205269 0.025334)
(0.374627 0.205288 0.025334)
(0.379634 0.205307 0.025334)
(0.384642 0.205327 0.025334)
(0.389649 0.205348 0.025334)
(0.394657 0.205368 0.025334)
(0.399665 0.205389 0.025334)
(0.404672 0.20541 0.025334)
(0.40968 0.205431 0.025334)
(0.414688 0.205453 0.025334)
(0.419695 0.205475 0.025334)
(0.424703 0.205497 0.025334)
(0.429711 0.205519 0.025334)
(0.434719 0.205541 0.025334)
(0.439727 0.205564 0.025334)
(0.444734 0.205586 0.025334)
(0.449742 0.205609 0.025334)
(0.45475 0.205631 0.025334)
(0.459758 0.205654 0.025334)
(0.464766 0.205677 0.025334)
(0.469774 0.2057 0.025334)
(0.474782 0.205723 0.025334)
(0.479789 0.205746 0.025334)
(0.484797 0.20577 0.025334)
(0.489805 0.205793 0.025334)
(0.494813 0.205816 0.025334)
(0.499821 0.205839 0.025334)
(0.504829 0.205862 0.025334)
(0.509837 0.205886 0.025334)
(0.514845 0.205909 0.025334)
(0.519853 0.205932 0.025334)
(0.524861 0.205956 0.025334)
(0.529869 0.205979 0.025334)
(0.534877 0.206002 0.025334)
(0.539885 0.206026 0.025334)
(0.544892 0.206049 0.025334)
(0.5499 0.206072 0.025334)
(0.554908 0.206096 0.025334)
(0.559916 0.206119 0.025334)
(0.564924 0.206142 0.025334)
(0.569932 0.206166 0.025334)
(0.57494 0.206189 0.025334)
(0.579948 0.206212 0.025334)
(0.584956 0.206236 0.025334)
(0.589963 0.206259 0.025334)
(0.594971 0.206283 0.025334)
(0.299507 0.210057 -0.025334)
(0.299548 0.190057 -0.025334)
(0.600049 0.191306 -0.025334)
(0.595041 0.191283 -0.025334)
(0.590033 0.191259 -0.025334)
(0.585026 0.191236 -0.025334)
(0.580018 0.191213 -0.025334)
(0.57501 0.191189 -0.025334)
(0.570002 0.191166 -0.025334)
(0.564994 0.191143 -0.025334)
(0.559986 0.191119 -0.025334)
(0.554978 0.191096 -0.025334)
(0.54997 0.191073 -0.025334)
(0.544962 0.191049 -0.025334)
(0.539954 0.191026 -0.025334)
(0.534947 0.191003 -0.025334)
(0.529939 0.190979 -0.025334)
(0.524931 0.190956 -0.025334)
(0.519923 0.190933 -0.025334)
(0.514915 0.190909 -0.025334)
(0.509907 0.190886 -0.025334)
(0.504899 0.190863 -0.025334)
(0.499891 0.19084 -0.025334)
(0.494883 0.190816 -0.025334)
(0.489875 0.190793 -0.025334)
(0.484867 0.19077 -0.025334)
(0.479859 0.190747 -0.025334)
(0.474851 0.190724 -0.025334)
(0.469843 0.190701 -0.025334)
(0.464834 0.190678 -0.025334)
(0.459826 0.190655 -0.025334)
(0.454818 0.190632 -0.025334)
(0.44981 0.190609 -0.025334)
(0.444802 0.190587 -0.025334)
(0.439794 0.190564 -0.025334)
(0.434785 0.190542 -0.025334)
(0.429777 0.190519 -0.025334)
(0.424769 0.190497 -0.025334)
(0.419761 0.190475 -0.025334)
(0.414752 0.190453 -0.025334)
(0.409744 0.190432 -0.025334)
(0.404736 0.190411 -0.025334)
(0.399727 0.190389 -0.025334)
(0.394719 0.190369 -0.025334)
(0.38971 0.190348 -0.025334)
(0.384702 0.190328 -0.025334)
(0.379693 0.190308 -0.025334)
(0.374684 0.190288 -0.025334)
(0.369676 0.190269 -0.025334)
(0.364667 0.19025 -0.025334)
(0.359658 0.190232 -0.025334)
(0.354649 0.190214 -0.025334)
(0.34964 0.190197 -0.025334)
(0.344631 0.19018 -0.025334)
(0.339622 0.190164 -0.025334)
(0.334613 0.190148 -0.025334)
(0.329604 0.190133 -0.025334)
(0.324595 0.190119 -0.025334)
(0.319586 0.190105 -0.025334)
(0.314576 0.190092 -0.025334)
(0.309567 0.190079 -0.025334)
(0.304558 0.190068 -0.025334)
(0.600002 0.201306 -0.025334)
(0.600026 0.196306 -0.025334)
(0.599956 0.211306 -0.025334)
(0.599979 0.206306 -0.025334)
(0.304513 0.210068 -0.025334)
(0.30952 0.210079 -0.025334)
(0.314526 0.210092 -0.025334)
(0.319532 0.210105 -0.025334)
(0.324539 0.210119 -0.025334)
(0.329546 0.210133 -0.025334)
(0.334552 0.210148 -0.025334)
(0.339559 0.210164 -0.025334)
(0.344566 0.21018 -0.025334)
(0.349572 0.210197 -0.025334)
(0.354579 0.210214 -0.025334)
(0.359586 0.210232 -0.025334)
(0.364593 0.21025 -0.025334)
(0.3696 0.210269 -0.025334)
(0.374607 0.210288 -0.025334)
(0.379615 0.210308 -0.025334)
(0.384622 0.210328 -0.025334)
(0.389629 0.210348 -0.025334)
(0.394636 0.210368 -0.025334)
(0.399644 0.210389 -0.025334)
(0.404651 0.21041 -0.025334)
(0.409659 0.210432 -0.025334)
(0.414666 0.210453 -0.025334)
(0.419674 0.210475 -0.025334)
(0.424681 0.210497 -0.025334)
(0.429689 0.210519 -0.025334)
(0.434696 0.210541 -0.025334)
(0.439704 0.210564 -0.025334)
(0.444712 0.210586 -0.025334)
(0.44972 0.210609 -0.025334)
(0.454727 0.210631 -0.025334)
(0.459735 0.210654 -0.025334)
(0.464743 0.210677 -0.025334)
(0.469751 0.2107 -0.025334)
(0.474759 0.210723 -0.025334)
(0.479766 0.210746 -0.025334)
(0.484774 0.210769 -0.025334)
(0.489782 0.210793 -0.025334)
(0.49479 0.210816 -0.025334)
(0.499798 0.210839 -0.025334)
(0.504806 0.210862 -0.025334)
(0.509814 0.210886 -0.025334)
(0.514822 0.210909 -0.025334)
(0.51983 0.210932 -0.025334)
(0.524838 0.210956 -0.025334)
(0.529845 0.210979 -0.025334)
(0.534853 0.211002 -0.025334)
(0.539861 0.211026 -0.025334)
(0.544869 0.211049 -0.025334)
(0.549877 0.211072 -0.025334)
(0.554885 0.211096 -0.025334)
(0.559893 0.211119 -0.025334)
(0.564901 0.211142 -0.025334)
(0.569909 0.211166 -0.025334)
(0.574917 0.211189 -0.025334)
(0.579924 0.211212 -0.025334)
(0.584932 0.211236 -0.025334)
(0.58994 0.211259 -0.025334)
(0.594948 0.211282 -0.025334)
(0.248989 0.210001 -0.025334)
(0.249989 0.210001 -0.025334)
(0.251061 0.210001 -0.025334)
(0.252211 0.210002 -0.025334)
(0.253444 0.210002 -0.025334)
(0.254767 0.210002 -0.025334)
(0.256185 0.210003 -0.025334)
(0.257706 0.210003 -0.025334)
(0.259338 0.210004 -0.025334)
(0.261088 0.210005 -0.025334)
(0.262964 0.210006 -0.025334)
(0.264977 0.210008 -0.025334)
(0.267136 0.210009 -0.025334)
(0.269451 0.210011 -0.025334)
(0.271934 0.210014 -0.025334)
(0.274598 0.210017 -0.025334)
(0.277454 0.21002 -0.025334)
(0.280517 0.210024 -0.025334)
(0.283803 0.210029 -0.025334)
(0.287327 0.210035 -0.025334)
(0.291106 0.210041 -0.025334)
(0.29516 0.210049 -0.025334)
(0.24899 0.19 -0.025334)
(0.295198 0.190048 -0.025334)
(0.291141 0.190041 -0.025334)
(0.287359 0.190034 -0.025334)
(0.283833 0.190029 -0.025334)
(0.280545 0.190024 -0.025334)
(0.277479 0.19002 -0.025334)
(0.27462 0.190016 -0.025334)
(0.271955 0.190014 -0.025334)
(0.269469 0.190011 -0.025334)
(0.267152 0.190009 -0.025334)
(0.264992 0.190007 -0.025334)
(0.262977 0.190006 -0.025334)
(0.261099 0.190005 -0.025334)
(0.259347 0.190004 -0.025334)
(0.257714 0.190003 -0.025334)
(0.256192 0.190002 -0.025334)
(0.254772 0.190002 -0.025334)
(0.253448 0.190002 -0.025334)
(0.252214 0.190001 -0.025334)
(0.251064 0.190001 -0.025334)
(0.249991 0.190001 -0.025334)
(0.24899 0.195 -0.025334)
(0.24899 0.2 -0.025334)
(0.24899 0.205 -0.025334)
(0.24999 0.195 -0.025334)
(0.251063 0.195 -0.025334)
(0.252213 0.195 -0.025334)
(0.253447 0.195001 -0.025334)
(0.254771 0.195001 -0.025334)
(0.25619 0.195002 -0.025334)
(0.257712 0.195002 -0.025334)
(0.259345 0.195003 -0.025334)
(0.261096 0.195004 -0.025334)
(0.262974 0.195005 -0.025334)
(0.264988 0.195006 -0.025334)
(0.267148 0.195008 -0.025334)
(0.269465 0.19501 -0.025334)
(0.27195 0.195013 -0.025334)
(0.274614 0.195016 -0.025334)
(0.277472 0.195019 -0.025334)
(0.280538 0.195023 -0.025334)
(0.283825 0.195028 -0.025334)
(0.287351 0.195034 -0.025334)
(0.291133 0.19504 -0.025334)
(0.295188 0.195048 -0.025334)
(0.299538 0.195056 -0.025334)
(0.304546 0.195067 -0.025334)
(0.309555 0.195079 -0.025334)
(0.314564 0.195091 -0.025334)
(0.319572 0.195104 -0.025334)
(0.324581 0.195118 -0.025334)
(0.329589 0.195132 -0.025334)
(0.334598 0.195148 -0.025334)
(0.339606 0.195163 -0.025334)
(0.344615 0.19518 -0.025334)
(0.349623 0.195196 -0.025334)
(0.354632 0.195214 -0.025334)
(0.35964 0.195232 -0.025334)
(0.364648 0.19525 -0.025334)
(0.369657 0.195269 -0.025334)
(0.374665 0.195288 -0.025334)
(0.379673 0.195308 -0.025334)
(0.384682 0.195327 -0.025334)
(0.38969 0.195348 -0.025334)
(0.394698 0.195368 -0.025334)
(0.399706 0.195389 -0.025334)
(0.404714 0.19541 -0.025334)
(0.409723 0.195432 -0.025334)
(0.414731 0.195453 -0.025334)
(0.419739 0.195475 -0.025334)
(0.424747 0.195497 -0.025334)
(0.429755 0.195519 -0.025334)
(0.434763 0.195541 -0.025334)
(0.439771 0.195564 -0.025334)
(0.444779 0.195586 -0.025334)
(0.449787 0.195609 -0.025334)
(0.454795 0.195632 -0.025334)
(0.459804 0.195655 -0.025334)
(0.464812 0.195678 -0.025334)
(0.46982 0.195701 -0.025334)
(0.474828 0.195724 -0.025334)
(0.479836 0.195747 -0.025334)
(0.484844 0.19577 -0.025334)
(0.489852 0.195793 -0.025334)
(0.49486 0.195816 -0.025334)
(0.499868 0.195839 -0.025334)
(0.504876 0.195863 -0.025334)
(0.509883 0.195886 -0.025334)
(0.514891 0.195909 -0.025334)
(0.519899 0.195933 -0.025334)
(0.524907 0.195956 -0.025334)
(0.529915 0.195979 -0.025334)
(0.534923 0.196003 -0.025334)
(0.539931 0.196026 -0.025334)
(0.544939 0.196049 -0.025334)
(0.549947 0.196073 -0.025334)
(0.554955 0.196096 -0.025334)
(0.559963 0.196119 -0.025334)
(0.564971 0.196143 -0.025334)
(0.569979 0.196166 -0.025334)
(0.574986 0.196189 -0.025334)
(0.579994 0.196213 -0.025334)
(0.585002 0.196236 -0.025334)
(0.59001 0.196259 -0.025334)
(0.595018 0.196283 -0.025334)
(0.24999 0.2 -0.025334)
(0.251062 0.2 -0.025334)
(0.252213 0.2 -0.025334)
(0.253446 0.2 -0.025334)
(0.254769 0.200001 -0.025334)
(0.256188 0.200001 -0.025334)
(0.25771 0.200002 -0.025334)
(0.259343 0.200003 -0.025334)
(0.261093 0.200003 -0.025334)
(0.262971 0.200005 -0.025334)
(0.264984 0.200006 -0.025334)
(0.267144 0.200008 -0.025334)
(0.26946 0.20001 -0.025334)
(0.271945 0.200012 -0.025334)
(0.274609 0.200015 -0.025334)
(0.277466 0.200019 -0.025334)
(0.280531 0.200023 -0.025334)
(0.283818 0.200028 -0.025334)
(0.287343 0.200033 -0.025334)
(0.291124 0.20004 -0.025334)
(0.295179 0.200047 -0.025334)
(0.299528 0.200056 -0.025334)
(0.304535 0.200067 -0.025334)
(0.309543 0.200078 -0.025334)
(0.314551 0.200091 -0.025334)
(0.319559 0.200104 -0.025334)
(0.324567 0.200118 -0.025334)
(0.329575 0.200132 -0.025334)
(0.334583 0.200147 -0.025334)
(0.339591 0.200163 -0.025334)
(0.344599 0.200179 -0.025334)
(0.349606 0.200196 -0.025334)
(0.354614 0.200214 -0.025334)
(0.359622 0.200232 -0.025334)
(0.36463 0.20025 -0.025334)
(0.369638 0.200269 -0.025334)
(0.374646 0.200288 -0.025334)
(0.379654 0.200307 -0.025334)
(0.384662 0.200327 -0.025334)
(0.38967 0.200348 -0.025334)
(0.394678 0.200368 -0.025334)
(0.399685 0.200389 -0.025334)
(0.404693 0.20041 -0.025334)
(0.409701 0.200431 -0.025334)
(0.414709 0.200453 -0.025334)
(0.419717 0.200475 -0.025334)
(0.424725 0.200497 -0.025334)
(0.429733 0.200519 -0.025334)
(0.434741 0.200541 -0.025334)
(0.439749 0.200564 -0.025334)
(0.444757 0.200586 -0.025334)
(0.449765 0.200609 -0.025334)
(0.454773 0.200632 -0.025334)
(0.459781 0.200654 -0.025334)
(0.464789 0.200677 -0.025334)
(0.469797 0.2007 -0.025334)
(0.474805 0.200723 -0.025334)
(0.479813 0.200747 -0.025334)
(0.48482 0.20077 -0.025334)
(0.489828 0.200793 -0.025334)
(0.494836 0.200816 -0.025334)
(0.499844 0.200839 -0.025334)
(0.504852 0.200863 -0.025334)
(0.50986 0.200886 -0.025334)
(0.514868 0.200909 -0.025334)
(0.519876 0.200932 -0.025334)
(0.524884 0.200956 -0.025334)
(0.529892 0.200979 -0.025334)
(0.5349 0.201002 -0.025334)
(0.539908 0.201026 -0.025334)
(0.544916 0.201049 -0.025334)
(0.549924 0.201072 -0.025334)
(0.554932 0.201096 -0.025334)
(0.55994 0.201119 -0.025334)
(0.564947 0.201142 -0.025334)
(0.569955 0.201166 -0.025334)
(0.574963 0.201189 -0.025334)
(0.579971 0.201213 -0.025334)
(0.584979 0.201236 -0.025334)
(0.589987 0.201259 -0.025334)
(0.594995 0.201283 -0.025334)
(0.24999 0.205 -0.025334)
(0.251062 0.205 -0.025334)
(0.252212 0.205001 -0.025334)
(0.253445 0.205001 -0.025334)
(0.254768 0.205001 -0.025334)
(0.256187 0.205002 -0.025334)
(0.257708 0.205002 -0.025334)
(0.25934 0.205003 -0.025334)
(0.26109 0.205004 -0.025334)
(0.262968 0.205005 -0.025334)
(0.264981 0.205007 -0.025334)
(0.26714 0.205008 -0.025334)
(0.269456 0.20501 -0.025334)
(0.271939 0.205013 -0.025334)
(0.274603 0.205016 -0.025334)
(0.27746 0.205019 -0.025334)
(0.280524 0.205023 -0.025334)
(0.28381 0.205028 -0.025334)
(0.287335 0.205034 -0.025334)
(0.291115 0.20504 -0.025334)
(0.295169 0.205048 -0.025334)
(0.299517 0.205056 -0.025334)
(0.304524 0.205067 -0.025334)
(0.309532 0.205079 -0.025334)
(0.314539 0.205091 -0.025334)
(0.319546 0.205104 -0.025334)
(0.324553 0.205118 -0.025334)
(0.32956 0.205132 -0.025334)
(0.334568 0.205148 -0.025334)
(0.339575 0.205163 -0.025334)
(0.344582 0.20518 -0.025334)
(0.349589 0.205196 -0.025334)
(0.354597 0.205214 -0.025334)
(0.359604 0.205232 -0.025334)
(0.364612 0.20525 -0.025334)
(0.369619 0.205269 -0.025334)
(0.374627 0.205288 -0.025334)
(0.379634 0.205307 -0.025334)
(0.384642 0.205327 -0.025334)
(0.389649 0.205348 -0.025334)
(0.394657 0.205368 -0.025334)
(0.399665 0.205389 -0.025334)
(0.404672 0.20541 -0.025334)
(0.40968 0.205431 -0.025334)
(0.414688 0.205453 -0.025334)
(0.419695 0.205475 -0.025334)
(0.424703 0.205497 -0.025334)
(0.429711 0.205519 -0.025334)
(0.434719 0.205541 -0.025334)
(0.439727 0.205564 -0.025334)
(0.444734 0.205586 -0.025334)
(0.449742 0.205609 -0.025334)
(0.45475 0.205631 -0.025334)
(0.459758 0.205654 -0.025334)
(0.464766 0.205677 -0.025334)
(0.469774 0.2057 -0.025334)
(0.474782 0.205723 -0.025334)
(0.479789 0.205746 -0.025334)
(0.484797 0.20577 -0.025334)
(0.489805 0.205793 -0.025334)
(0.494813 0.205816 -0.025334)
(0.499821 0.205839 -0.025334)
(0.504829 0.205862 -0.025334)
(0.509837 0.205886 -0.025334)
(0.514845 0.205909 -0.025334)
(0.519853 0.205932 -0.025334)
(0.524861 0.205956 -0.025334)
(0.529869 0.205979 -0.025334)
(0.534877 0.206002 -0.025334)
(0.539885 0.206026 -0.025334)
(0.544892 0.206049 -0.025334)
(0.5499 0.206072 -0.025334)
(0.554908 0.206096 -0.025334)
(0.559916 0.206119 -0.025334)
(0.564924 0.206142 -0.025334)
(0.569932 0.206166 -0.025334)
(0.57494 0.206189 -0.025334)
(0.579948 0.206212 -0.025334)
(0.584956 0.206236 -0.025334)
(0.589963 0.206259 -0.025334)
(0.594971 0.206283 -0.025334)
)


// ************************************************************************* //
