/*--------------------------------*- C++ -*----------------------------------*\
| =========                 |                                                 |
| \\      /  F ield         | OpenFOAM Extend Project: Open source CFD        |
|  \\    /   O peration     | Version:  1.6-ext                               |
|   \\  /    A nd           | Web:      www.extend-project.de                 |
|    \\/     M anipulation  |                                                 |
\*---------------------------------------------------------------------------*/
FoamFile
{
    version     2.0;
    format      ascii;
    class       vectorField;
    location    "0.9/polyMesh";
    object      points;
}
// * * * * * * * * * * * * * * * * * * * * * * * * * * * * * * * * * * * * * //


830
(
(0.299504 0.210058 0.025334)
(0.299546 0.190057 0.025334)
(0.600041 0.191397 0.025334)
(0.595033 0.191372 0.025334)
(0.590026 0.191346 0.025334)
(0.585018 0.19132 0.025334)
(0.58001 0.191295 0.025334)
(0.575002 0.191269 0.025334)
(0.569994 0.191243 0.025334)
(0.564986 0.191218 0.025334)
(0.559979 0.191192 0.025334)
(0.554971 0.191166 0.025334)
(0.549963 0.191141 0.025334)
(0.544955 0.191115 0.025334)
(0.539947 0.191089 0.025334)
(0.534939 0.191064 0.025334)
(0.529931 0.191038 0.025334)
(0.524923 0.191013 0.025334)
(0.519915 0.190987 0.025334)
(0.514908 0.190962 0.025334)
(0.5099 0.190936 0.025334)
(0.504892 0.190911 0.025334)
(0.499884 0.190886 0.025334)
(0.494876 0.19086 0.025334)
(0.489868 0.190835 0.025334)
(0.48486 0.19081 0.025334)
(0.479852 0.190785 0.025334)
(0.474844 0.19076 0.025334)
(0.469836 0.190735 0.025334)
(0.464828 0.19071 0.025334)
(0.45982 0.190685 0.025334)
(0.454812 0.190661 0.025334)
(0.449804 0.190636 0.025334)
(0.444796 0.190612 0.025334)
(0.439788 0.190588 0.025334)
(0.43478 0.190564 0.025334)
(0.429772 0.19054 0.025334)
(0.424763 0.190516 0.025334)
(0.419755 0.190493 0.025334)
(0.414747 0.19047 0.025334)
(0.409739 0.190447 0.025334)
(0.40473 0.190424 0.025334)
(0.399722 0.190402 0.025334)
(0.394714 0.19038 0.025334)
(0.389705 0.190358 0.025334)
(0.384697 0.190337 0.025334)
(0.379688 0.190316 0.025334)
(0.37468 0.190295 0.025334)
(0.369671 0.190275 0.025334)
(0.364663 0.190256 0.025334)
(0.359654 0.190237 0.025334)
(0.354645 0.190218 0.025334)
(0.349636 0.1902 0.025334)
(0.344628 0.190183 0.025334)
(0.339619 0.190166 0.025334)
(0.33461 0.19015 0.025334)
(0.329601 0.190134 0.025334)
(0.324592 0.190119 0.025334)
(0.319583 0.190105 0.025334)
(0.314573 0.190092 0.025334)
(0.309564 0.190079 0.025334)
(0.304555 0.190068 0.025334)
(0.59999 0.201397 0.025334)
(0.600016 0.196397 0.025334)
(0.599939 0.211397 0.025334)
(0.599964 0.206397 0.025334)
(0.30451 0.210068 0.025334)
(0.309516 0.21008 0.025334)
(0.314522 0.210093 0.025334)
(0.319528 0.210106 0.025334)
(0.324534 0.21012 0.025334)
(0.329541 0.210135 0.025334)
(0.334547 0.21015 0.025334)
(0.339553 0.210167 0.025334)
(0.34456 0.210183 0.025334)
(0.349566 0.210201 0.025334)
(0.354573 0.210219 0.025334)
(0.359579 0.210237 0.025334)
(0.364586 0.210256 0.025334)
(0.369592 0.210276 0.025334)
(0.374599 0.210296 0.025334)
(0.379606 0.210316 0.025334)
(0.384613 0.210337 0.025334)
(0.38962 0.210359 0.025334)
(0.394627 0.21038 0.025334)
(0.399634 0.210402 0.025334)
(0.404641 0.210424 0.025334)
(0.409648 0.210447 0.025334)
(0.414655 0.21047 0.025334)
(0.419663 0.210493 0.025334)
(0.42467 0.210516 0.025334)
(0.429677 0.21054 0.025334)
(0.434684 0.210564 0.025334)
(0.439692 0.210588 0.025334)
(0.444699 0.210612 0.025334)
(0.449707 0.210636 0.025334)
(0.454714 0.210661 0.025334)
(0.459722 0.210685 0.025334)
(0.464729 0.21071 0.025334)
(0.469737 0.210735 0.025334)
(0.474744 0.21076 0.025334)
(0.479752 0.210785 0.025334)
(0.48476 0.21081 0.025334)
(0.489767 0.210835 0.025334)
(0.494775 0.21086 0.025334)
(0.499783 0.210885 0.025334)
(0.504791 0.210911 0.025334)
(0.509798 0.210936 0.025334)
(0.514806 0.210962 0.025334)
(0.519814 0.210987 0.025334)
(0.524822 0.211012 0.025334)
(0.529829 0.211038 0.025334)
(0.534837 0.211064 0.025334)
(0.539845 0.211089 0.025334)
(0.544853 0.211115 0.025334)
(0.549861 0.21114 0.025334)
(0.554868 0.211166 0.025334)
(0.559876 0.211192 0.025334)
(0.564884 0.211217 0.025334)
(0.569892 0.211243 0.025334)
(0.5749 0.211269 0.025334)
(0.579907 0.211294 0.025334)
(0.584915 0.21132 0.025334)
(0.589923 0.211346 0.025334)
(0.594931 0.211371 0.025334)
(0.248989 0.210001 0.025334)
(0.249988 0.210001 0.025334)
(0.251061 0.210001 0.025334)
(0.252211 0.210002 0.025334)
(0.253444 0.210002 0.025334)
(0.254766 0.210003 0.025334)
(0.256185 0.210003 0.025334)
(0.257706 0.210004 0.025334)
(0.259337 0.210004 0.025334)
(0.261087 0.210005 0.025334)
(0.262964 0.210006 0.025334)
(0.264976 0.210008 0.025334)
(0.267135 0.21001 0.025334)
(0.26945 0.210012 0.025334)
(0.271933 0.210014 0.025334)
(0.274596 0.210017 0.025334)
(0.277452 0.21002 0.025334)
(0.280516 0.210024 0.025334)
(0.283801 0.210029 0.025334)
(0.287325 0.210035 0.025334)
(0.291104 0.210041 0.025334)
(0.295157 0.210049 0.025334)
(0.24899 0.19 0.025334)
(0.295195 0.190048 0.025334)
(0.291139 0.19004 0.025334)
(0.287357 0.190034 0.025334)
(0.283831 0.190028 0.025334)
(0.280543 0.190023 0.025334)
(0.277477 0.190019 0.025334)
(0.274619 0.190016 0.025334)
(0.271953 0.190013 0.025334)
(0.269468 0.190011 0.025334)
(0.267151 0.190009 0.025334)
(0.264991 0.190007 0.025334)
(0.262976 0.190005 0.025334)
(0.261098 0.190004 0.025334)
(0.259347 0.190003 0.025334)
(0.257714 0.190003 0.025334)
(0.256191 0.190002 0.025334)
(0.254772 0.190002 0.025334)
(0.253448 0.190001 0.025334)
(0.252214 0.190001 0.025334)
(0.251063 0.190001 0.025334)
(0.24999 0.190001 0.025334)
(0.24899 0.195 0.025334)
(0.24899 0.2 0.025334)
(0.24899 0.205 0.025334)
(0.24999 0.195 0.025334)
(0.251063 0.195 0.025334)
(0.252213 0.195 0.025334)
(0.253447 0.195001 0.025334)
(0.25477 0.195001 0.025334)
(0.25619 0.195001 0.025334)
(0.257712 0.195002 0.025334)
(0.259344 0.195003 0.025334)
(0.261095 0.195004 0.025334)
(0.262973 0.195005 0.025334)
(0.264987 0.195006 0.025334)
(0.267147 0.195008 0.025334)
(0.269464 0.19501 0.025334)
(0.271948 0.195012 0.025334)
(0.274613 0.195015 0.025334)
(0.277471 0.195019 0.025334)
(0.280536 0.195023 0.025334)
(0.283823 0.195028 0.025334)
(0.287349 0.195033 0.025334)
(0.29113 0.19504 0.025334)
(0.295186 0.195047 0.025334)
(0.299535 0.195056 0.025334)
(0.304544 0.195067 0.025334)
(0.309552 0.195079 0.025334)
(0.314561 0.195091 0.025334)
(0.319569 0.195105 0.025334)
(0.324577 0.195119 0.025334)
(0.329586 0.195134 0.025334)
(0.334594 0.195149 0.025334)
(0.339602 0.195166 0.025334)
(0.344611 0.195182 0.025334)
(0.349619 0.1952 0.025334)
(0.354627 0.195218 0.025334)
(0.359635 0.195236 0.025334)
(0.364643 0.195256 0.025334)
(0.369651 0.195275 0.025334)
(0.37466 0.195295 0.025334)
(0.379668 0.195316 0.025334)
(0.384676 0.195337 0.025334)
(0.389684 0.195358 0.025334)
(0.394692 0.19538 0.025334)
(0.3997 0.195402 0.025334)
(0.404708 0.195424 0.025334)
(0.409716 0.195447 0.025334)
(0.414724 0.19547 0.025334)
(0.419732 0.195493 0.025334)
(0.42474 0.195516 0.025334)
(0.429748 0.19554 0.025334)
(0.434756 0.195564 0.025334)
(0.439764 0.195588 0.025334)
(0.444772 0.195612 0.025334)
(0.44978 0.195636 0.025334)
(0.454788 0.195661 0.025334)
(0.459795 0.195685 0.025334)
(0.464803 0.19571 0.025334)
(0.469811 0.195735 0.025334)
(0.474819 0.19576 0.025334)
(0.479827 0.195785 0.025334)
(0.484835 0.19581 0.025334)
(0.489843 0.195835 0.025334)
(0.494851 0.19586 0.025334)
(0.499859 0.195886 0.025334)
(0.504866 0.195911 0.025334)
(0.509874 0.195936 0.025334)
(0.514882 0.195962 0.025334)
(0.51989 0.195987 0.025334)
(0.524898 0.196013 0.025334)
(0.529906 0.196038 0.025334)
(0.534914 0.196064 0.025334)
(0.539922 0.196089 0.025334)
(0.544929 0.196115 0.025334)
(0.549937 0.196141 0.025334)
(0.554945 0.196166 0.025334)
(0.559953 0.196192 0.025334)
(0.564961 0.196218 0.025334)
(0.569969 0.196243 0.025334)
(0.574976 0.196269 0.025334)
(0.579984 0.196294 0.025334)
(0.584992 0.19632 0.025334)
(0.59 0.196346 0.025334)
(0.595008 0.196371 0.025334)
(0.24999 0.2 0.025334)
(0.251062 0.2 0.025334)
(0.252212 0.2 0.025334)
(0.253446 0.2 0.025334)
(0.254769 0.200001 0.025334)
(0.256188 0.200001 0.025334)
(0.25771 0.200002 0.025334)
(0.259342 0.200002 0.025334)
(0.261093 0.200003 0.025334)
(0.26297 0.200005 0.025334)
(0.264984 0.200006 0.025334)
(0.267143 0.200008 0.025334)
(0.269459 0.20001 0.025334)
(0.271943 0.200012 0.025334)
(0.274607 0.200015 0.025334)
(0.277465 0.200019 0.025334)
(0.280529 0.200023 0.025334)
(0.283816 0.200027 0.025334)
(0.287341 0.200033 0.025334)
(0.291122 0.20004 0.025334)
(0.295176 0.200047 0.025334)
(0.299525 0.200056 0.025334)
(0.304533 0.200067 0.025334)
(0.30954 0.200079 0.025334)
(0.314548 0.200091 0.025334)
(0.319555 0.200105 0.025334)
(0.324563 0.200119 0.025334)
(0.329571 0.200134 0.025334)
(0.334578 0.200149 0.025334)
(0.339586 0.200165 0.025334)
(0.344594 0.200182 0.025334)
(0.349601 0.2002 0.025334)
(0.354609 0.200218 0.025334)
(0.359617 0.200236 0.025334)
(0.364624 0.200255 0.025334)
(0.369632 0.200275 0.025334)
(0.37464 0.200295 0.025334)
(0.379647 0.200316 0.025334)
(0.384655 0.200337 0.025334)
(0.389663 0.200358 0.025334)
(0.39467 0.20038 0.025334)
(0.399678 0.200402 0.025334)
(0.404686 0.200424 0.025334)
(0.409693 0.200447 0.025334)
(0.414701 0.200469 0.025334)
(0.419709 0.200493 0.025334)
(0.424717 0.200516 0.025334)
(0.429724 0.20054 0.025334)
(0.434732 0.200563 0.025334)
(0.43974 0.200588 0.025334)
(0.444748 0.200612 0.025334)
(0.449755 0.200636 0.025334)
(0.454763 0.200661 0.025334)
(0.459771 0.200685 0.025334)
(0.464779 0.20071 0.025334)
(0.469786 0.200735 0.025334)
(0.474794 0.20076 0.025334)
(0.479802 0.200785 0.025334)
(0.48481 0.20081 0.025334)
(0.489818 0.200835 0.025334)
(0.494826 0.20086 0.025334)
(0.499833 0.200885 0.025334)
(0.504841 0.200911 0.025334)
(0.509849 0.200936 0.025334)
(0.514857 0.200962 0.025334)
(0.519865 0.200987 0.025334)
(0.524872 0.201013 0.025334)
(0.52988 0.201038 0.025334)
(0.534888 0.201064 0.025334)
(0.539896 0.201089 0.025334)
(0.544904 0.201115 0.025334)
(0.549912 0.20114 0.025334)
(0.554919 0.201166 0.025334)
(0.559927 0.201192 0.025334)
(0.564935 0.201217 0.025334)
(0.569943 0.201243 0.025334)
(0.574951 0.201269 0.025334)
(0.579959 0.201294 0.025334)
(0.584966 0.20132 0.025334)
(0.589974 0.201346 0.025334)
(0.594982 0.201371 0.025334)
(0.24999 0.205 0.025334)
(0.251062 0.205 0.025334)
(0.252212 0.205001 0.025334)
(0.253445 0.205001 0.025334)
(0.254768 0.205001 0.025334)
(0.256186 0.205002 0.025334)
(0.257708 0.205002 0.025334)
(0.25934 0.205003 0.025334)
(0.26109 0.205004 0.025334)
(0.262967 0.205005 0.025334)
(0.26498 0.205007 0.025334)
(0.267139 0.205008 0.025334)
(0.269455 0.20501 0.025334)
(0.271938 0.205013 0.025334)
(0.274602 0.205016 0.025334)
(0.277459 0.205019 0.025334)
(0.280523 0.205023 0.025334)
(0.283809 0.205028 0.025334)
(0.287333 0.205034 0.025334)
(0.291113 0.20504 0.025334)
(0.295167 0.205048 0.025334)
(0.299515 0.205057 0.025334)
(0.304521 0.205067 0.025334)
(0.309528 0.205079 0.025334)
(0.314535 0.205092 0.025334)
(0.319542 0.205105 0.025334)
(0.324549 0.205119 0.025334)
(0.329556 0.205134 0.025334)
(0.334563 0.20515 0.025334)
(0.33957 0.205166 0.025334)
(0.344577 0.205183 0.025334)
(0.349584 0.2052 0.025334)
(0.354591 0.205218 0.025334)
(0.359598 0.205237 0.025334)
(0.364605 0.205256 0.025334)
(0.369612 0.205275 0.025334)
(0.374619 0.205295 0.025334)
(0.379627 0.205316 0.025334)
(0.384634 0.205337 0.025334)
(0.389641 0.205358 0.025334)
(0.394649 0.20538 0.025334)
(0.399656 0.205402 0.025334)
(0.404663 0.205424 0.025334)
(0.409671 0.205447 0.025334)
(0.414678 0.20547 0.025334)
(0.419686 0.205493 0.025334)
(0.424693 0.205516 0.025334)
(0.429701 0.20554 0.025334)
(0.434708 0.205564 0.025334)
(0.439716 0.205588 0.025334)
(0.444723 0.205612 0.025334)
(0.449731 0.205636 0.025334)
(0.454739 0.205661 0.025334)
(0.459746 0.205685 0.025334)
(0.464754 0.20571 0.025334)
(0.469762 0.205735 0.025334)
(0.474769 0.20576 0.025334)
(0.479777 0.205785 0.025334)
(0.484785 0.20581 0.025334)
(0.489793 0.205835 0.025334)
(0.4948 0.20586 0.025334)
(0.499808 0.205885 0.025334)
(0.504816 0.205911 0.025334)
(0.509824 0.205936 0.025334)
(0.514831 0.205962 0.025334)
(0.519839 0.205987 0.025334)
(0.524847 0.206013 0.025334)
(0.529855 0.206038 0.025334)
(0.534863 0.206064 0.025334)
(0.53987 0.206089 0.025334)
(0.544878 0.206115 0.025334)
(0.549886 0.20614 0.025334)
(0.554894 0.206166 0.025334)
(0.559902 0.206192 0.025334)
(0.56491 0.206217 0.025334)
(0.569917 0.206243 0.025334)
(0.574925 0.206269 0.025334)
(0.579933 0.206294 0.025334)
(0.584941 0.20632 0.025334)
(0.589949 0.206346 0.025334)
(0.594957 0.206371 0.025334)
(0.299504 0.210058 -0.025334)
(0.299546 0.190057 -0.025334)
(0.600041 0.191397 -0.025334)
(0.595033 0.191372 -0.025334)
(0.590026 0.191346 -0.025334)
(0.585018 0.19132 -0.025334)
(0.58001 0.191295 -0.025334)
(0.575002 0.191269 -0.025334)
(0.569994 0.191243 -0.025334)
(0.564986 0.191218 -0.025334)
(0.559979 0.191192 -0.025334)
(0.554971 0.191166 -0.025334)
(0.549963 0.191141 -0.025334)
(0.544955 0.191115 -0.025334)
(0.539947 0.191089 -0.025334)
(0.534939 0.191064 -0.025334)
(0.529931 0.191038 -0.025334)
(0.524923 0.191013 -0.025334)
(0.519915 0.190987 -0.025334)
(0.514908 0.190962 -0.025334)
(0.5099 0.190936 -0.025334)
(0.504892 0.190911 -0.025334)
(0.499884 0.190886 -0.025334)
(0.494876 0.19086 -0.025334)
(0.489868 0.190835 -0.025334)
(0.48486 0.19081 -0.025334)
(0.479852 0.190785 -0.025334)
(0.474844 0.19076 -0.025334)
(0.469836 0.190735 -0.025334)
(0.464828 0.19071 -0.025334)
(0.45982 0.190685 -0.025334)
(0.454812 0.190661 -0.025334)
(0.449804 0.190636 -0.025334)
(0.444796 0.190612 -0.025334)
(0.439788 0.190588 -0.025334)
(0.43478 0.190564 -0.025334)
(0.429772 0.19054 -0.025334)
(0.424763 0.190516 -0.025334)
(0.419755 0.190493 -0.025334)
(0.414747 0.19047 -0.025334)
(0.409739 0.190447 -0.025334)
(0.40473 0.190424 -0.025334)
(0.399722 0.190402 -0.025334)
(0.394714 0.19038 -0.025334)
(0.389705 0.190358 -0.025334)
(0.384697 0.190337 -0.025334)
(0.379688 0.190316 -0.025334)
(0.37468 0.190295 -0.025334)
(0.369671 0.190275 -0.025334)
(0.364663 0.190256 -0.025334)
(0.359654 0.190237 -0.025334)
(0.354645 0.190218 -0.025334)
(0.349636 0.1902 -0.025334)
(0.344628 0.190183 -0.025334)
(0.339619 0.190166 -0.025334)
(0.33461 0.19015 -0.025334)
(0.329601 0.190134 -0.025334)
(0.324592 0.190119 -0.025334)
(0.319583 0.190105 -0.025334)
(0.314573 0.190092 -0.025334)
(0.309564 0.190079 -0.025334)
(0.304555 0.190068 -0.025334)
(0.59999 0.201397 -0.025334)
(0.600016 0.196397 -0.025334)
(0.599939 0.211397 -0.025334)
(0.599964 0.206397 -0.025334)
(0.30451 0.210068 -0.025334)
(0.309516 0.21008 -0.025334)
(0.314522 0.210093 -0.025334)
(0.319528 0.210106 -0.025334)
(0.324534 0.21012 -0.025334)
(0.329541 0.210135 -0.025334)
(0.334547 0.21015 -0.025334)
(0.339553 0.210167 -0.025334)
(0.34456 0.210183 -0.025334)
(0.349566 0.210201 -0.025334)
(0.354573 0.210219 -0.025334)
(0.359579 0.210237 -0.025334)
(0.364586 0.210256 -0.025334)
(0.369592 0.210276 -0.025334)
(0.374599 0.210296 -0.025334)
(0.379606 0.210316 -0.025334)
(0.384613 0.210337 -0.025334)
(0.38962 0.210359 -0.025334)
(0.394627 0.21038 -0.025334)
(0.399634 0.210402 -0.025334)
(0.404641 0.210424 -0.025334)
(0.409648 0.210447 -0.025334)
(0.414655 0.21047 -0.025334)
(0.419663 0.210493 -0.025334)
(0.42467 0.210516 -0.025334)
(0.429677 0.21054 -0.025334)
(0.434684 0.210564 -0.025334)
(0.439692 0.210588 -0.025334)
(0.444699 0.210612 -0.025334)
(0.449707 0.210636 -0.025334)
(0.454714 0.210661 -0.025334)
(0.459722 0.210685 -0.025334)
(0.464729 0.21071 -0.025334)
(0.469737 0.210735 -0.025334)
(0.474744 0.21076 -0.025334)
(0.479752 0.210785 -0.025334)
(0.48476 0.21081 -0.025334)
(0.489767 0.210835 -0.025334)
(0.494775 0.21086 -0.025334)
(0.499783 0.210885 -0.025334)
(0.504791 0.210911 -0.025334)
(0.509798 0.210936 -0.025334)
(0.514806 0.210962 -0.025334)
(0.519814 0.210987 -0.025334)
(0.524822 0.211012 -0.025334)
(0.529829 0.211038 -0.025334)
(0.534837 0.211064 -0.025334)
(0.539845 0.211089 -0.025334)
(0.544853 0.211115 -0.025334)
(0.549861 0.21114 -0.025334)
(0.554868 0.211166 -0.025334)
(0.559876 0.211192 -0.025334)
(0.564884 0.211217 -0.025334)
(0.569892 0.211243 -0.025334)
(0.5749 0.211269 -0.025334)
(0.579907 0.211294 -0.025334)
(0.584915 0.21132 -0.025334)
(0.589923 0.211346 -0.025334)
(0.594931 0.211371 -0.025334)
(0.248989 0.210001 -0.025334)
(0.249988 0.210001 -0.025334)
(0.251061 0.210001 -0.025334)
(0.252211 0.210002 -0.025334)
(0.253444 0.210002 -0.025334)
(0.254766 0.210003 -0.025334)
(0.256185 0.210003 -0.025334)
(0.257706 0.210004 -0.025334)
(0.259337 0.210004 -0.025334)
(0.261087 0.210005 -0.025334)
(0.262964 0.210006 -0.025334)
(0.264976 0.210008 -0.025334)
(0.267135 0.21001 -0.025334)
(0.26945 0.210012 -0.025334)
(0.271933 0.210014 -0.025334)
(0.274596 0.210017 -0.025334)
(0.277452 0.21002 -0.025334)
(0.280516 0.210024 -0.025334)
(0.283801 0.210029 -0.025334)
(0.287325 0.210035 -0.025334)
(0.291104 0.210041 -0.025334)
(0.295157 0.210049 -0.025334)
(0.24899 0.19 -0.025334)
(0.295195 0.190048 -0.025334)
(0.291139 0.19004 -0.025334)
(0.287357 0.190034 -0.025334)
(0.283831 0.190028 -0.025334)
(0.280543 0.190023 -0.025334)
(0.277477 0.190019 -0.025334)
(0.274619 0.190016 -0.025334)
(0.271953 0.190013 -0.025334)
(0.269468 0.190011 -0.025334)
(0.267151 0.190009 -0.025334)
(0.264991 0.190007 -0.025334)
(0.262976 0.190005 -0.025334)
(0.261098 0.190004 -0.025334)
(0.259347 0.190003 -0.025334)
(0.257714 0.190003 -0.025334)
(0.256191 0.190002 -0.025334)
(0.254772 0.190002 -0.025334)
(0.253448 0.190001 -0.025334)
(0.252214 0.190001 -0.025334)
(0.251063 0.190001 -0.025334)
(0.24999 0.190001 -0.025334)
(0.24899 0.195 -0.025334)
(0.24899 0.2 -0.025334)
(0.24899 0.205 -0.025334)
(0.24999 0.195 -0.025334)
(0.251063 0.195 -0.025334)
(0.252213 0.195 -0.025334)
(0.253447 0.195001 -0.025334)
(0.25477 0.195001 -0.025334)
(0.25619 0.195001 -0.025334)
(0.257712 0.195002 -0.025334)
(0.259344 0.195003 -0.025334)
(0.261095 0.195004 -0.025334)
(0.262973 0.195005 -0.025334)
(0.264987 0.195006 -0.025334)
(0.267147 0.195008 -0.025334)
(0.269464 0.19501 -0.025334)
(0.271948 0.195012 -0.025334)
(0.274613 0.195015 -0.025334)
(0.277471 0.195019 -0.025334)
(0.280536 0.195023 -0.025334)
(0.283823 0.195028 -0.025334)
(0.287349 0.195033 -0.025334)
(0.29113 0.19504 -0.025334)
(0.295186 0.195047 -0.025334)
(0.299535 0.195056 -0.025334)
(0.304544 0.195067 -0.025334)
(0.309552 0.195079 -0.025334)
(0.314561 0.195091 -0.025334)
(0.319569 0.195105 -0.025334)
(0.324577 0.195119 -0.025334)
(0.329586 0.195134 -0.025334)
(0.334594 0.195149 -0.025334)
(0.339602 0.195166 -0.025334)
(0.344611 0.195182 -0.025334)
(0.349619 0.1952 -0.025334)
(0.354627 0.195218 -0.025334)
(0.359635 0.195236 -0.025334)
(0.364643 0.195256 -0.025334)
(0.369651 0.195275 -0.025334)
(0.37466 0.195295 -0.025334)
(0.379668 0.195316 -0.025334)
(0.384676 0.195337 -0.025334)
(0.389684 0.195358 -0.025334)
(0.394692 0.19538 -0.025334)
(0.3997 0.195402 -0.025334)
(0.404708 0.195424 -0.025334)
(0.409716 0.195447 -0.025334)
(0.414724 0.19547 -0.025334)
(0.419732 0.195493 -0.025334)
(0.42474 0.195516 -0.025334)
(0.429748 0.19554 -0.025334)
(0.434756 0.195564 -0.025334)
(0.439764 0.195588 -0.025334)
(0.444772 0.195612 -0.025334)
(0.44978 0.195636 -0.025334)
(0.454788 0.195661 -0.025334)
(0.459795 0.195685 -0.025334)
(0.464803 0.19571 -0.025334)
(0.469811 0.195735 -0.025334)
(0.474819 0.19576 -0.025334)
(0.479827 0.195785 -0.025334)
(0.484835 0.19581 -0.025334)
(0.489843 0.195835 -0.025334)
(0.494851 0.19586 -0.025334)
(0.499859 0.195886 -0.025334)
(0.504866 0.195911 -0.025334)
(0.509874 0.195936 -0.025334)
(0.514882 0.195962 -0.025334)
(0.51989 0.195987 -0.025334)
(0.524898 0.196013 -0.025334)
(0.529906 0.196038 -0.025334)
(0.534914 0.196064 -0.025334)
(0.539922 0.196089 -0.025334)
(0.544929 0.196115 -0.025334)
(0.549937 0.196141 -0.025334)
(0.554945 0.196166 -0.025334)
(0.559953 0.196192 -0.025334)
(0.564961 0.196218 -0.025334)
(0.569969 0.196243 -0.025334)
(0.574976 0.196269 -0.025334)
(0.579984 0.196294 -0.025334)
(0.584992 0.19632 -0.025334)
(0.59 0.196346 -0.025334)
(0.595008 0.196371 -0.025334)
(0.24999 0.2 -0.025334)
(0.251062 0.2 -0.025334)
(0.252212 0.2 -0.025334)
(0.253446 0.2 -0.025334)
(0.254769 0.200001 -0.025334)
(0.256188 0.200001 -0.025334)
(0.25771 0.200002 -0.025334)
(0.259342 0.200002 -0.025334)
(0.261093 0.200003 -0.025334)
(0.26297 0.200005 -0.025334)
(0.264984 0.200006 -0.025334)
(0.267143 0.200008 -0.025334)
(0.269459 0.20001 -0.025334)
(0.271943 0.200012 -0.025334)
(0.274607 0.200015 -0.025334)
(0.277465 0.200019 -0.025334)
(0.280529 0.200023 -0.025334)
(0.283816 0.200027 -0.025334)
(0.287341 0.200033 -0.025334)
(0.291122 0.20004 -0.025334)
(0.295176 0.200047 -0.025334)
(0.299525 0.200056 -0.025334)
(0.304533 0.200067 -0.025334)
(0.30954 0.200079 -0.025334)
(0.314548 0.200091 -0.025334)
(0.319555 0.200105 -0.025334)
(0.324563 0.200119 -0.025334)
(0.329571 0.200134 -0.025334)
(0.334578 0.200149 -0.025334)
(0.339586 0.200165 -0.025334)
(0.344594 0.200182 -0.025334)
(0.349601 0.2002 -0.025334)
(0.354609 0.200218 -0.025334)
(0.359617 0.200236 -0.025334)
(0.364624 0.200255 -0.025334)
(0.369632 0.200275 -0.025334)
(0.37464 0.200295 -0.025334)
(0.379647 0.200316 -0.025334)
(0.384655 0.200337 -0.025334)
(0.389663 0.200358 -0.025334)
(0.39467 0.20038 -0.025334)
(0.399678 0.200402 -0.025334)
(0.404686 0.200424 -0.025334)
(0.409693 0.200447 -0.025334)
(0.414701 0.200469 -0.025334)
(0.419709 0.200493 -0.025334)
(0.424717 0.200516 -0.025334)
(0.429724 0.20054 -0.025334)
(0.434732 0.200563 -0.025334)
(0.43974 0.200588 -0.025334)
(0.444748 0.200612 -0.025334)
(0.449755 0.200636 -0.025334)
(0.454763 0.200661 -0.025334)
(0.459771 0.200685 -0.025334)
(0.464779 0.20071 -0.025334)
(0.469786 0.200735 -0.025334)
(0.474794 0.20076 -0.025334)
(0.479802 0.200785 -0.025334)
(0.48481 0.20081 -0.025334)
(0.489818 0.200835 -0.025334)
(0.494826 0.20086 -0.025334)
(0.499833 0.200885 -0.025334)
(0.504841 0.200911 -0.025334)
(0.509849 0.200936 -0.025334)
(0.514857 0.200962 -0.025334)
(0.519865 0.200987 -0.025334)
(0.524872 0.201013 -0.025334)
(0.52988 0.201038 -0.025334)
(0.534888 0.201064 -0.025334)
(0.539896 0.201089 -0.025334)
(0.544904 0.201115 -0.025334)
(0.549912 0.20114 -0.025334)
(0.554919 0.201166 -0.025334)
(0.559927 0.201192 -0.025334)
(0.564935 0.201217 -0.025334)
(0.569943 0.201243 -0.025334)
(0.574951 0.201269 -0.025334)
(0.579959 0.201294 -0.025334)
(0.584966 0.20132 -0.025334)
(0.589974 0.201346 -0.025334)
(0.594982 0.201371 -0.025334)
(0.24999 0.205 -0.025334)
(0.251062 0.205 -0.025334)
(0.252212 0.205001 -0.025334)
(0.253445 0.205001 -0.025334)
(0.254768 0.205001 -0.025334)
(0.256186 0.205002 -0.025334)
(0.257708 0.205002 -0.025334)
(0.25934 0.205003 -0.025334)
(0.26109 0.205004 -0.025334)
(0.262967 0.205005 -0.025334)
(0.26498 0.205007 -0.025334)
(0.267139 0.205008 -0.025334)
(0.269455 0.20501 -0.025334)
(0.271938 0.205013 -0.025334)
(0.274602 0.205016 -0.025334)
(0.277459 0.205019 -0.025334)
(0.280523 0.205023 -0.025334)
(0.283809 0.205028 -0.025334)
(0.287333 0.205034 -0.025334)
(0.291113 0.20504 -0.025334)
(0.295167 0.205048 -0.025334)
(0.299515 0.205057 -0.025334)
(0.304521 0.205067 -0.025334)
(0.309528 0.205079 -0.025334)
(0.314535 0.205092 -0.025334)
(0.319542 0.205105 -0.025334)
(0.324549 0.205119 -0.025334)
(0.329556 0.205134 -0.025334)
(0.334563 0.20515 -0.025334)
(0.33957 0.205166 -0.025334)
(0.344577 0.205183 -0.025334)
(0.349584 0.2052 -0.025334)
(0.354591 0.205218 -0.025334)
(0.359598 0.205237 -0.025334)
(0.364605 0.205256 -0.025334)
(0.369612 0.205275 -0.025334)
(0.374619 0.205295 -0.025334)
(0.379627 0.205316 -0.025334)
(0.384634 0.205337 -0.025334)
(0.389641 0.205358 -0.025334)
(0.394649 0.20538 -0.025334)
(0.399656 0.205402 -0.025334)
(0.404663 0.205424 -0.025334)
(0.409671 0.205447 -0.025334)
(0.414678 0.20547 -0.025334)
(0.419686 0.205493 -0.025334)
(0.424693 0.205516 -0.025334)
(0.429701 0.20554 -0.025334)
(0.434708 0.205564 -0.025334)
(0.439716 0.205588 -0.025334)
(0.444723 0.205612 -0.025334)
(0.449731 0.205636 -0.025334)
(0.454739 0.205661 -0.025334)
(0.459746 0.205685 -0.025334)
(0.464754 0.20571 -0.025334)
(0.469762 0.205735 -0.025334)
(0.474769 0.20576 -0.025334)
(0.479777 0.205785 -0.025334)
(0.484785 0.20581 -0.025334)
(0.489793 0.205835 -0.025334)
(0.4948 0.20586 -0.025334)
(0.499808 0.205885 -0.025334)
(0.504816 0.205911 -0.025334)
(0.509824 0.205936 -0.025334)
(0.514831 0.205962 -0.025334)
(0.519839 0.205987 -0.025334)
(0.524847 0.206013 -0.025334)
(0.529855 0.206038 -0.025334)
(0.534863 0.206064 -0.025334)
(0.53987 0.206089 -0.025334)
(0.544878 0.206115 -0.025334)
(0.549886 0.20614 -0.025334)
(0.554894 0.206166 -0.025334)
(0.559902 0.206192 -0.025334)
(0.56491 0.206217 -0.025334)
(0.569917 0.206243 -0.025334)
(0.574925 0.206269 -0.025334)
(0.579933 0.206294 -0.025334)
(0.584941 0.20632 -0.025334)
(0.589949 0.206346 -0.025334)
(0.594957 0.206371 -0.025334)
)


// ************************************************************************* //
