/*--------------------------------*- C++ -*----------------------------------*\
| =========                 |                                                 |
| \\      /  F ield         | OpenFOAM Extend Project: Open source CFD        |
|  \\    /   O peration     | Version:  1.6-ext                               |
|   \\  /    A nd           | Web:      www.extend-project.de                 |
|    \\/     M anipulation  |                                                 |
\*---------------------------------------------------------------------------*/
FoamFile
{
    version     2.0;
    format      ascii;
    class       vectorField;
    location    "1.05/polyMesh";
    object      points;
}
// * * * * * * * * * * * * * * * * * * * * * * * * * * * * * * * * * * * * * //


830
(
(0.299506 0.210058 0.025334)
(0.299547 0.190058 0.025334)
(0.600045 0.191356 0.025334)
(0.595037 0.191331 0.025334)
(0.59003 0.191306 0.025334)
(0.585022 0.191282 0.025334)
(0.580014 0.191257 0.025334)
(0.575006 0.191233 0.025334)
(0.569998 0.191208 0.025334)
(0.56499 0.191184 0.025334)
(0.559982 0.191159 0.025334)
(0.554975 0.191134 0.025334)
(0.549967 0.19111 0.025334)
(0.544959 0.191085 0.025334)
(0.539951 0.191061 0.025334)
(0.534943 0.191036 0.025334)
(0.529935 0.191012 0.025334)
(0.524927 0.190987 0.025334)
(0.519919 0.190963 0.025334)
(0.514911 0.190938 0.025334)
(0.509903 0.190914 0.025334)
(0.504895 0.19089 0.025334)
(0.499887 0.190865 0.025334)
(0.494879 0.190841 0.025334)
(0.489872 0.190817 0.025334)
(0.484864 0.190792 0.025334)
(0.479856 0.190768 0.025334)
(0.474848 0.190744 0.025334)
(0.469839 0.19072 0.025334)
(0.464831 0.190696 0.025334)
(0.459823 0.190672 0.025334)
(0.454815 0.190648 0.025334)
(0.449807 0.190625 0.025334)
(0.444799 0.190601 0.025334)
(0.439791 0.190578 0.025334)
(0.434783 0.190555 0.025334)
(0.429775 0.190531 0.025334)
(0.424766 0.190509 0.025334)
(0.419758 0.190486 0.025334)
(0.41475 0.190463 0.025334)
(0.409741 0.190441 0.025334)
(0.404733 0.190419 0.025334)
(0.399725 0.190397 0.025334)
(0.394716 0.190376 0.025334)
(0.389708 0.190355 0.025334)
(0.384699 0.190334 0.025334)
(0.379691 0.190314 0.025334)
(0.374682 0.190294 0.025334)
(0.369674 0.190274 0.025334)
(0.364665 0.190255 0.025334)
(0.359656 0.190236 0.025334)
(0.354647 0.190218 0.025334)
(0.349639 0.1902 0.025334)
(0.34463 0.190183 0.025334)
(0.339621 0.190166 0.025334)
(0.334612 0.19015 0.025334)
(0.329603 0.190135 0.025334)
(0.324594 0.19012 0.025334)
(0.319584 0.190106 0.025334)
(0.314575 0.190093 0.025334)
(0.309566 0.19008 0.025334)
(0.304556 0.190068 0.025334)
(0.599996 0.201355 0.025334)
(0.600021 0.196355 0.025334)
(0.599947 0.211355 0.025334)
(0.599972 0.206355 0.025334)
(0.304512 0.210069 0.025334)
(0.309518 0.210081 0.025334)
(0.314524 0.210093 0.025334)
(0.31953 0.210107 0.025334)
(0.324537 0.21012 0.025334)
(0.329543 0.210135 0.025334)
(0.334549 0.210151 0.025334)
(0.339556 0.210167 0.025334)
(0.344563 0.210183 0.025334)
(0.349569 0.2102 0.025334)
(0.354576 0.210218 0.025334)
(0.359583 0.210236 0.025334)
(0.36459 0.210255 0.025334)
(0.369596 0.210274 0.025334)
(0.374603 0.210294 0.025334)
(0.37961 0.210314 0.025334)
(0.384617 0.210334 0.025334)
(0.389624 0.210355 0.025334)
(0.394632 0.210376 0.025334)
(0.399639 0.210397 0.025334)
(0.404646 0.210419 0.025334)
(0.409653 0.210441 0.025334)
(0.414661 0.210463 0.025334)
(0.419668 0.210486 0.025334)
(0.424676 0.210508 0.025334)
(0.429683 0.210531 0.025334)
(0.43469 0.210554 0.025334)
(0.439698 0.210578 0.025334)
(0.444706 0.210601 0.025334)
(0.449713 0.210625 0.025334)
(0.454721 0.210648 0.025334)
(0.459728 0.210672 0.025334)
(0.464736 0.210696 0.025334)
(0.469744 0.21072 0.025334)
(0.474751 0.210744 0.025334)
(0.479759 0.210768 0.025334)
(0.484767 0.210792 0.025334)
(0.489775 0.210816 0.025334)
(0.494783 0.210841 0.025334)
(0.49979 0.210865 0.025334)
(0.504798 0.210889 0.025334)
(0.509806 0.210914 0.025334)
(0.514814 0.210938 0.025334)
(0.519822 0.210963 0.025334)
(0.524829 0.210987 0.025334)
(0.529837 0.211011 0.025334)
(0.534845 0.211036 0.025334)
(0.539853 0.21106 0.025334)
(0.544861 0.211085 0.025334)
(0.549869 0.21111 0.025334)
(0.554877 0.211134 0.025334)
(0.559884 0.211159 0.025334)
(0.564892 0.211183 0.025334)
(0.5699 0.211208 0.025334)
(0.574908 0.211232 0.025334)
(0.579916 0.211257 0.025334)
(0.584924 0.211281 0.025334)
(0.589932 0.211306 0.025334)
(0.594939 0.211331 0.025334)
(0.248989 0.210001 0.025334)
(0.249989 0.210001 0.025334)
(0.251061 0.210001 0.025334)
(0.252211 0.210002 0.025334)
(0.253444 0.210002 0.025334)
(0.254766 0.210002 0.025334)
(0.256185 0.210003 0.025334)
(0.257706 0.210004 0.025334)
(0.259338 0.210004 0.025334)
(0.261087 0.210005 0.025334)
(0.262964 0.210006 0.025334)
(0.264977 0.210008 0.025334)
(0.267135 0.21001 0.025334)
(0.269451 0.210012 0.025334)
(0.271934 0.210014 0.025334)
(0.274597 0.210017 0.025334)
(0.277453 0.210021 0.025334)
(0.280516 0.210025 0.025334)
(0.283802 0.21003 0.025334)
(0.287326 0.210035 0.025334)
(0.291105 0.210042 0.025334)
(0.295158 0.210049 0.025334)
(0.24899 0.19 0.025334)
(0.295197 0.190049 0.025334)
(0.29114 0.190041 0.025334)
(0.287358 0.190035 0.025334)
(0.283832 0.190029 0.025334)
(0.280544 0.190024 0.025334)
(0.277478 0.19002 0.025334)
(0.27462 0.190017 0.025334)
(0.271954 0.190014 0.025334)
(0.269469 0.190011 0.025334)
(0.267152 0.190009 0.025334)
(0.264991 0.190007 0.025334)
(0.262977 0.190006 0.025334)
(0.261098 0.190005 0.025334)
(0.259347 0.190004 0.025334)
(0.257714 0.190003 0.025334)
(0.256192 0.190002 0.025334)
(0.254772 0.190002 0.025334)
(0.253448 0.190001 0.025334)
(0.252214 0.190001 0.025334)
(0.251063 0.190001 0.025334)
(0.249991 0.190001 0.025334)
(0.24899 0.195 0.025334)
(0.24899 0.2 0.025334)
(0.24899 0.205 0.025334)
(0.24999 0.195 0.025334)
(0.251063 0.195 0.025334)
(0.252213 0.195 0.025334)
(0.253447 0.195001 0.025334)
(0.25477 0.195001 0.025334)
(0.25619 0.195001 0.025334)
(0.257712 0.195002 0.025334)
(0.259345 0.195003 0.025334)
(0.261096 0.195004 0.025334)
(0.262974 0.195005 0.025334)
(0.264988 0.195006 0.025334)
(0.267148 0.195008 0.025334)
(0.269464 0.19501 0.025334)
(0.271949 0.195013 0.025334)
(0.274614 0.195016 0.025334)
(0.277472 0.195019 0.025334)
(0.280537 0.195023 0.025334)
(0.283824 0.195028 0.025334)
(0.28735 0.195034 0.025334)
(0.291132 0.19504 0.025334)
(0.295187 0.195048 0.025334)
(0.299537 0.195057 0.025334)
(0.304545 0.195068 0.025334)
(0.309554 0.19508 0.025334)
(0.314562 0.195092 0.025334)
(0.319571 0.195106 0.025334)
(0.324579 0.19512 0.025334)
(0.329588 0.195134 0.025334)
(0.334596 0.19515 0.025334)
(0.339604 0.195166 0.025334)
(0.344613 0.195182 0.025334)
(0.349621 0.1952 0.025334)
(0.354629 0.195217 0.025334)
(0.359638 0.195236 0.025334)
(0.364646 0.195254 0.025334)
(0.369654 0.195274 0.025334)
(0.374662 0.195293 0.025334)
(0.379671 0.195313 0.025334)
(0.384679 0.195334 0.025334)
(0.389687 0.195355 0.025334)
(0.394695 0.195376 0.025334)
(0.399703 0.195397 0.025334)
(0.404711 0.195419 0.025334)
(0.409719 0.195441 0.025334)
(0.414727 0.195463 0.025334)
(0.419736 0.195486 0.025334)
(0.424744 0.195508 0.025334)
(0.429752 0.195531 0.025334)
(0.43476 0.195554 0.025334)
(0.439768 0.195578 0.025334)
(0.444776 0.195601 0.025334)
(0.449784 0.195625 0.025334)
(0.454792 0.195648 0.025334)
(0.4598 0.195672 0.025334)
(0.464808 0.195696 0.025334)
(0.469816 0.19572 0.025334)
(0.474823 0.195744 0.025334)
(0.479831 0.195768 0.025334)
(0.484839 0.195792 0.025334)
(0.489847 0.195817 0.025334)
(0.494855 0.195841 0.025334)
(0.499863 0.195865 0.025334)
(0.504871 0.19589 0.025334)
(0.509879 0.195914 0.025334)
(0.514887 0.195938 0.025334)
(0.519895 0.195963 0.025334)
(0.524903 0.195987 0.025334)
(0.529911 0.196012 0.025334)
(0.534919 0.196036 0.025334)
(0.539926 0.196061 0.025334)
(0.544934 0.196085 0.025334)
(0.549942 0.19611 0.025334)
(0.55495 0.196134 0.025334)
(0.559958 0.196159 0.025334)
(0.564966 0.196183 0.025334)
(0.569974 0.196208 0.025334)
(0.574982 0.196233 0.025334)
(0.579989 0.196257 0.025334)
(0.584997 0.196282 0.025334)
(0.590005 0.196306 0.025334)
(0.595013 0.196331 0.025334)
(0.24999 0.2 0.025334)
(0.251062 0.2 0.025334)
(0.252213 0.2 0.025334)
(0.253446 0.2 0.025334)
(0.254769 0.200001 0.025334)
(0.256188 0.200001 0.025334)
(0.25771 0.200002 0.025334)
(0.259342 0.200003 0.025334)
(0.261093 0.200004 0.025334)
(0.26297 0.200005 0.025334)
(0.264984 0.200006 0.025334)
(0.267144 0.200008 0.025334)
(0.26946 0.20001 0.025334)
(0.271944 0.200013 0.025334)
(0.274608 0.200016 0.025334)
(0.277466 0.200019 0.025334)
(0.28053 0.200023 0.025334)
(0.283817 0.200028 0.025334)
(0.287342 0.200034 0.025334)
(0.291123 0.20004 0.025334)
(0.295178 0.200048 0.025334)
(0.299526 0.200057 0.025334)
(0.304534 0.200068 0.025334)
(0.309542 0.200079 0.025334)
(0.31455 0.200092 0.025334)
(0.319557 0.200105 0.025334)
(0.324565 0.200119 0.025334)
(0.329573 0.200134 0.025334)
(0.334581 0.20015 0.025334)
(0.339588 0.200166 0.025334)
(0.344596 0.200182 0.025334)
(0.349604 0.200199 0.025334)
(0.354612 0.200217 0.025334)
(0.359619 0.200235 0.025334)
(0.364627 0.200254 0.025334)
(0.369635 0.200273 0.025334)
(0.374643 0.200293 0.025334)
(0.379651 0.200313 0.025334)
(0.384658 0.200334 0.025334)
(0.389666 0.200354 0.025334)
(0.394674 0.200376 0.025334)
(0.399682 0.200397 0.025334)
(0.40469 0.200419 0.025334)
(0.409697 0.200441 0.025334)
(0.414705 0.200463 0.025334)
(0.419713 0.200486 0.025334)
(0.424721 0.200508 0.025334)
(0.429729 0.200531 0.025334)
(0.434737 0.200554 0.025334)
(0.439744 0.200578 0.025334)
(0.444752 0.200601 0.025334)
(0.44976 0.200625 0.025334)
(0.454768 0.200648 0.025334)
(0.459776 0.200672 0.025334)
(0.464784 0.200696 0.025334)
(0.469792 0.20072 0.025334)
(0.474799 0.200744 0.025334)
(0.479807 0.200768 0.025334)
(0.484815 0.200792 0.025334)
(0.489823 0.200816 0.025334)
(0.494831 0.200841 0.025334)
(0.499839 0.200865 0.025334)
(0.504847 0.200889 0.025334)
(0.509855 0.200914 0.025334)
(0.514863 0.200938 0.025334)
(0.51987 0.200963 0.025334)
(0.524878 0.200987 0.025334)
(0.529886 0.201012 0.025334)
(0.534894 0.201036 0.025334)
(0.539902 0.201061 0.025334)
(0.54491 0.201085 0.025334)
(0.549918 0.20111 0.025334)
(0.554926 0.201134 0.025334)
(0.559933 0.201159 0.025334)
(0.564941 0.201183 0.025334)
(0.569949 0.201208 0.025334)
(0.574957 0.201233 0.025334)
(0.579965 0.201257 0.025334)
(0.584973 0.201282 0.025334)
(0.589981 0.201306 0.025334)
(0.594988 0.201331 0.025334)
(0.24999 0.205 0.025334)
(0.251062 0.205 0.025334)
(0.252212 0.205001 0.025334)
(0.253445 0.205001 0.025334)
(0.254768 0.205001 0.025334)
(0.256187 0.205002 0.025334)
(0.257708 0.205002 0.025334)
(0.25934 0.205003 0.025334)
(0.26109 0.205004 0.025334)
(0.262967 0.205005 0.025334)
(0.26498 0.205007 0.025334)
(0.26714 0.205009 0.025334)
(0.269455 0.205011 0.025334)
(0.271939 0.205013 0.025334)
(0.274603 0.205016 0.025334)
(0.277459 0.20502 0.025334)
(0.280523 0.205024 0.025334)
(0.283809 0.205029 0.025334)
(0.287334 0.205034 0.025334)
(0.291114 0.205041 0.025334)
(0.295168 0.205048 0.025334)
(0.299516 0.205057 0.025334)
(0.304523 0.205068 0.025334)
(0.30953 0.20508 0.025334)
(0.314537 0.205092 0.025334)
(0.319544 0.205106 0.025334)
(0.324551 0.20512 0.025334)
(0.329558 0.205134 0.025334)
(0.334565 0.20515 0.025334)
(0.339572 0.205166 0.025334)
(0.344579 0.205183 0.025334)
(0.349587 0.2052 0.025334)
(0.354594 0.205217 0.025334)
(0.359601 0.205236 0.025334)
(0.364608 0.205254 0.025334)
(0.369616 0.205274 0.025334)
(0.374623 0.205293 0.025334)
(0.379631 0.205313 0.025334)
(0.384638 0.205334 0.025334)
(0.389645 0.205355 0.025334)
(0.394653 0.205376 0.025334)
(0.39966 0.205397 0.025334)
(0.404668 0.205419 0.025334)
(0.409675 0.205441 0.025334)
(0.414683 0.205463 0.025334)
(0.419691 0.205486 0.025334)
(0.424698 0.205508 0.025334)
(0.429706 0.205531 0.025334)
(0.434714 0.205554 0.025334)
(0.439721 0.205578 0.025334)
(0.444729 0.205601 0.025334)
(0.449737 0.205624 0.025334)
(0.454744 0.205648 0.025334)
(0.459752 0.205672 0.025334)
(0.46476 0.205696 0.025334)
(0.469768 0.20572 0.025334)
(0.474775 0.205744 0.025334)
(0.479783 0.205768 0.025334)
(0.484791 0.205792 0.025334)
(0.489799 0.205816 0.025334)
(0.494807 0.205841 0.025334)
(0.499815 0.205865 0.025334)
(0.504822 0.205889 0.025334)
(0.50983 0.205914 0.025334)
(0.514838 0.205938 0.025334)
(0.519846 0.205963 0.025334)
(0.524854 0.205987 0.025334)
(0.529862 0.206012 0.025334)
(0.53487 0.206036 0.025334)
(0.539877 0.206061 0.025334)
(0.544885 0.206085 0.025334)
(0.549893 0.20611 0.025334)
(0.554901 0.206134 0.025334)
(0.559909 0.206159 0.025334)
(0.564917 0.206183 0.025334)
(0.569925 0.206208 0.025334)
(0.574932 0.206232 0.025334)
(0.57994 0.206257 0.025334)
(0.584948 0.206282 0.025334)
(0.589956 0.206306 0.025334)
(0.594964 0.206331 0.025334)
(0.299506 0.210058 -0.025334)
(0.299547 0.190058 -0.025334)
(0.600045 0.191356 -0.025334)
(0.595037 0.191331 -0.025334)
(0.59003 0.191306 -0.025334)
(0.585022 0.191282 -0.025334)
(0.580014 0.191257 -0.025334)
(0.575006 0.191233 -0.025334)
(0.569998 0.191208 -0.025334)
(0.56499 0.191184 -0.025334)
(0.559982 0.191159 -0.025334)
(0.554975 0.191134 -0.025334)
(0.549967 0.19111 -0.025334)
(0.544959 0.191085 -0.025334)
(0.539951 0.191061 -0.025334)
(0.534943 0.191036 -0.025334)
(0.529935 0.191012 -0.025334)
(0.524927 0.190987 -0.025334)
(0.519919 0.190963 -0.025334)
(0.514911 0.190938 -0.025334)
(0.509903 0.190914 -0.025334)
(0.504895 0.19089 -0.025334)
(0.499887 0.190865 -0.025334)
(0.494879 0.190841 -0.025334)
(0.489872 0.190817 -0.025334)
(0.484864 0.190792 -0.025334)
(0.479856 0.190768 -0.025334)
(0.474848 0.190744 -0.025334)
(0.469839 0.19072 -0.025334)
(0.464831 0.190696 -0.025334)
(0.459823 0.190672 -0.025334)
(0.454815 0.190648 -0.025334)
(0.449807 0.190625 -0.025334)
(0.444799 0.190601 -0.025334)
(0.439791 0.190578 -0.025334)
(0.434783 0.190555 -0.025334)
(0.429775 0.190531 -0.025334)
(0.424766 0.190509 -0.025334)
(0.419758 0.190486 -0.025334)
(0.41475 0.190463 -0.025334)
(0.409741 0.190441 -0.025334)
(0.404733 0.190419 -0.025334)
(0.399725 0.190397 -0.025334)
(0.394716 0.190376 -0.025334)
(0.389708 0.190355 -0.025334)
(0.384699 0.190334 -0.025334)
(0.379691 0.190314 -0.025334)
(0.374682 0.190294 -0.025334)
(0.369674 0.190274 -0.025334)
(0.364665 0.190255 -0.025334)
(0.359656 0.190236 -0.025334)
(0.354647 0.190218 -0.025334)
(0.349639 0.1902 -0.025334)
(0.34463 0.190183 -0.025334)
(0.339621 0.190166 -0.025334)
(0.334612 0.19015 -0.025334)
(0.329603 0.190135 -0.025334)
(0.324594 0.19012 -0.025334)
(0.319584 0.190106 -0.025334)
(0.314575 0.190093 -0.025334)
(0.309566 0.19008 -0.025334)
(0.304556 0.190068 -0.025334)
(0.599996 0.201355 -0.025334)
(0.600021 0.196355 -0.025334)
(0.599947 0.211355 -0.025334)
(0.599972 0.206355 -0.025334)
(0.304512 0.210069 -0.025334)
(0.309518 0.210081 -0.025334)
(0.314524 0.210093 -0.025334)
(0.31953 0.210107 -0.025334)
(0.324537 0.21012 -0.025334)
(0.329543 0.210135 -0.025334)
(0.334549 0.210151 -0.025334)
(0.339556 0.210167 -0.025334)
(0.344563 0.210183 -0.025334)
(0.349569 0.2102 -0.025334)
(0.354576 0.210218 -0.025334)
(0.359583 0.210236 -0.025334)
(0.36459 0.210255 -0.025334)
(0.369596 0.210274 -0.025334)
(0.374603 0.210294 -0.025334)
(0.37961 0.210314 -0.025334)
(0.384617 0.210334 -0.025334)
(0.389624 0.210355 -0.025334)
(0.394632 0.210376 -0.025334)
(0.399639 0.210397 -0.025334)
(0.404646 0.210419 -0.025334)
(0.409653 0.210441 -0.025334)
(0.414661 0.210463 -0.025334)
(0.419668 0.210486 -0.025334)
(0.424676 0.210508 -0.025334)
(0.429683 0.210531 -0.025334)
(0.43469 0.210554 -0.025334)
(0.439698 0.210578 -0.025334)
(0.444706 0.210601 -0.025334)
(0.449713 0.210625 -0.025334)
(0.454721 0.210648 -0.025334)
(0.459728 0.210672 -0.025334)
(0.464736 0.210696 -0.025334)
(0.469744 0.21072 -0.025334)
(0.474751 0.210744 -0.025334)
(0.479759 0.210768 -0.025334)
(0.484767 0.210792 -0.025334)
(0.489775 0.210816 -0.025334)
(0.494783 0.210841 -0.025334)
(0.49979 0.210865 -0.025334)
(0.504798 0.210889 -0.025334)
(0.509806 0.210914 -0.025334)
(0.514814 0.210938 -0.025334)
(0.519822 0.210963 -0.025334)
(0.524829 0.210987 -0.025334)
(0.529837 0.211011 -0.025334)
(0.534845 0.211036 -0.025334)
(0.539853 0.21106 -0.025334)
(0.544861 0.211085 -0.025334)
(0.549869 0.21111 -0.025334)
(0.554877 0.211134 -0.025334)
(0.559884 0.211159 -0.025334)
(0.564892 0.211183 -0.025334)
(0.5699 0.211208 -0.025334)
(0.574908 0.211232 -0.025334)
(0.579916 0.211257 -0.025334)
(0.584924 0.211281 -0.025334)
(0.589932 0.211306 -0.025334)
(0.594939 0.211331 -0.025334)
(0.248989 0.210001 -0.025334)
(0.249989 0.210001 -0.025334)
(0.251061 0.210001 -0.025334)
(0.252211 0.210002 -0.025334)
(0.253444 0.210002 -0.025334)
(0.254766 0.210002 -0.025334)
(0.256185 0.210003 -0.025334)
(0.257706 0.210004 -0.025334)
(0.259338 0.210004 -0.025334)
(0.261087 0.210005 -0.025334)
(0.262964 0.210006 -0.025334)
(0.264977 0.210008 -0.025334)
(0.267135 0.21001 -0.025334)
(0.269451 0.210012 -0.025334)
(0.271934 0.210014 -0.025334)
(0.274597 0.210017 -0.025334)
(0.277453 0.210021 -0.025334)
(0.280516 0.210025 -0.025334)
(0.283802 0.21003 -0.025334)
(0.287326 0.210035 -0.025334)
(0.291105 0.210042 -0.025334)
(0.295158 0.210049 -0.025334)
(0.24899 0.19 -0.025334)
(0.295197 0.190049 -0.025334)
(0.29114 0.190041 -0.025334)
(0.287358 0.190035 -0.025334)
(0.283832 0.190029 -0.025334)
(0.280544 0.190024 -0.025334)
(0.277478 0.19002 -0.025334)
(0.27462 0.190017 -0.025334)
(0.271954 0.190014 -0.025334)
(0.269469 0.190011 -0.025334)
(0.267152 0.190009 -0.025334)
(0.264991 0.190007 -0.025334)
(0.262977 0.190006 -0.025334)
(0.261098 0.190005 -0.025334)
(0.259347 0.190004 -0.025334)
(0.257714 0.190003 -0.025334)
(0.256192 0.190002 -0.025334)
(0.254772 0.190002 -0.025334)
(0.253448 0.190001 -0.025334)
(0.252214 0.190001 -0.025334)
(0.251063 0.190001 -0.025334)
(0.249991 0.190001 -0.025334)
(0.24899 0.195 -0.025334)
(0.24899 0.2 -0.025334)
(0.24899 0.205 -0.025334)
(0.24999 0.195 -0.025334)
(0.251063 0.195 -0.025334)
(0.252213 0.195 -0.025334)
(0.253447 0.195001 -0.025334)
(0.25477 0.195001 -0.025334)
(0.25619 0.195001 -0.025334)
(0.257712 0.195002 -0.025334)
(0.259345 0.195003 -0.025334)
(0.261096 0.195004 -0.025334)
(0.262974 0.195005 -0.025334)
(0.264988 0.195006 -0.025334)
(0.267148 0.195008 -0.025334)
(0.269464 0.19501 -0.025334)
(0.271949 0.195013 -0.025334)
(0.274614 0.195016 -0.025334)
(0.277472 0.195019 -0.025334)
(0.280537 0.195023 -0.025334)
(0.283824 0.195028 -0.025334)
(0.28735 0.195034 -0.025334)
(0.291132 0.19504 -0.025334)
(0.295187 0.195048 -0.025334)
(0.299537 0.195057 -0.025334)
(0.304545 0.195068 -0.025334)
(0.309554 0.19508 -0.025334)
(0.314562 0.195092 -0.025334)
(0.319571 0.195106 -0.025334)
(0.324579 0.19512 -0.025334)
(0.329588 0.195134 -0.025334)
(0.334596 0.19515 -0.025334)
(0.339604 0.195166 -0.025334)
(0.344613 0.195182 -0.025334)
(0.349621 0.1952 -0.025334)
(0.354629 0.195217 -0.025334)
(0.359638 0.195236 -0.025334)
(0.364646 0.195254 -0.025334)
(0.369654 0.195274 -0.025334)
(0.374662 0.195293 -0.025334)
(0.379671 0.195313 -0.025334)
(0.384679 0.195334 -0.025334)
(0.389687 0.195355 -0.025334)
(0.394695 0.195376 -0.025334)
(0.399703 0.195397 -0.025334)
(0.404711 0.195419 -0.025334)
(0.409719 0.195441 -0.025334)
(0.414727 0.195463 -0.025334)
(0.419736 0.195486 -0.025334)
(0.424744 0.195508 -0.025334)
(0.429752 0.195531 -0.025334)
(0.43476 0.195554 -0.025334)
(0.439768 0.195578 -0.025334)
(0.444776 0.195601 -0.025334)
(0.449784 0.195625 -0.025334)
(0.454792 0.195648 -0.025334)
(0.4598 0.195672 -0.025334)
(0.464808 0.195696 -0.025334)
(0.469816 0.19572 -0.025334)
(0.474823 0.195744 -0.025334)
(0.479831 0.195768 -0.025334)
(0.484839 0.195792 -0.025334)
(0.489847 0.195817 -0.025334)
(0.494855 0.195841 -0.025334)
(0.499863 0.195865 -0.025334)
(0.504871 0.19589 -0.025334)
(0.509879 0.195914 -0.025334)
(0.514887 0.195938 -0.025334)
(0.519895 0.195963 -0.025334)
(0.524903 0.195987 -0.025334)
(0.529911 0.196012 -0.025334)
(0.534919 0.196036 -0.025334)
(0.539926 0.196061 -0.025334)
(0.544934 0.196085 -0.025334)
(0.549942 0.19611 -0.025334)
(0.55495 0.196134 -0.025334)
(0.559958 0.196159 -0.025334)
(0.564966 0.196183 -0.025334)
(0.569974 0.196208 -0.025334)
(0.574982 0.196233 -0.025334)
(0.579989 0.196257 -0.025334)
(0.584997 0.196282 -0.025334)
(0.590005 0.196306 -0.025334)
(0.595013 0.196331 -0.025334)
(0.24999 0.2 -0.025334)
(0.251062 0.2 -0.025334)
(0.252213 0.2 -0.025334)
(0.253446 0.2 -0.025334)
(0.254769 0.200001 -0.025334)
(0.256188 0.200001 -0.025334)
(0.25771 0.200002 -0.025334)
(0.259342 0.200003 -0.025334)
(0.261093 0.200004 -0.025334)
(0.26297 0.200005 -0.025334)
(0.264984 0.200006 -0.025334)
(0.267144 0.200008 -0.025334)
(0.26946 0.20001 -0.025334)
(0.271944 0.200013 -0.025334)
(0.274608 0.200016 -0.025334)
(0.277466 0.200019 -0.025334)
(0.28053 0.200023 -0.025334)
(0.283817 0.200028 -0.025334)
(0.287342 0.200034 -0.025334)
(0.291123 0.20004 -0.025334)
(0.295178 0.200048 -0.025334)
(0.299526 0.200057 -0.025334)
(0.304534 0.200068 -0.025334)
(0.309542 0.200079 -0.025334)
(0.31455 0.200092 -0.025334)
(0.319557 0.200105 -0.025334)
(0.324565 0.200119 -0.025334)
(0.329573 0.200134 -0.025334)
(0.334581 0.20015 -0.025334)
(0.339588 0.200166 -0.025334)
(0.344596 0.200182 -0.025334)
(0.349604 0.200199 -0.025334)
(0.354612 0.200217 -0.025334)
(0.359619 0.200235 -0.025334)
(0.364627 0.200254 -0.025334)
(0.369635 0.200273 -0.025334)
(0.374643 0.200293 -0.025334)
(0.379651 0.200313 -0.025334)
(0.384658 0.200334 -0.025334)
(0.389666 0.200354 -0.025334)
(0.394674 0.200376 -0.025334)
(0.399682 0.200397 -0.025334)
(0.40469 0.200419 -0.025334)
(0.409697 0.200441 -0.025334)
(0.414705 0.200463 -0.025334)
(0.419713 0.200486 -0.025334)
(0.424721 0.200508 -0.025334)
(0.429729 0.200531 -0.025334)
(0.434737 0.200554 -0.025334)
(0.439744 0.200578 -0.025334)
(0.444752 0.200601 -0.025334)
(0.44976 0.200625 -0.025334)
(0.454768 0.200648 -0.025334)
(0.459776 0.200672 -0.025334)
(0.464784 0.200696 -0.025334)
(0.469792 0.20072 -0.025334)
(0.474799 0.200744 -0.025334)
(0.479807 0.200768 -0.025334)
(0.484815 0.200792 -0.025334)
(0.489823 0.200816 -0.025334)
(0.494831 0.200841 -0.025334)
(0.499839 0.200865 -0.025334)
(0.504847 0.200889 -0.025334)
(0.509855 0.200914 -0.025334)
(0.514863 0.200938 -0.025334)
(0.51987 0.200963 -0.025334)
(0.524878 0.200987 -0.025334)
(0.529886 0.201012 -0.025334)
(0.534894 0.201036 -0.025334)
(0.539902 0.201061 -0.025334)
(0.54491 0.201085 -0.025334)
(0.549918 0.20111 -0.025334)
(0.554926 0.201134 -0.025334)
(0.559933 0.201159 -0.025334)
(0.564941 0.201183 -0.025334)
(0.569949 0.201208 -0.025334)
(0.574957 0.201233 -0.025334)
(0.579965 0.201257 -0.025334)
(0.584973 0.201282 -0.025334)
(0.589981 0.201306 -0.025334)
(0.594988 0.201331 -0.025334)
(0.24999 0.205 -0.025334)
(0.251062 0.205 -0.025334)
(0.252212 0.205001 -0.025334)
(0.253445 0.205001 -0.025334)
(0.254768 0.205001 -0.025334)
(0.256187 0.205002 -0.025334)
(0.257708 0.205002 -0.025334)
(0.25934 0.205003 -0.025334)
(0.26109 0.205004 -0.025334)
(0.262967 0.205005 -0.025334)
(0.26498 0.205007 -0.025334)
(0.26714 0.205009 -0.025334)
(0.269455 0.205011 -0.025334)
(0.271939 0.205013 -0.025334)
(0.274603 0.205016 -0.025334)
(0.277459 0.20502 -0.025334)
(0.280523 0.205024 -0.025334)
(0.283809 0.205029 -0.025334)
(0.287334 0.205034 -0.025334)
(0.291114 0.205041 -0.025334)
(0.295168 0.205048 -0.025334)
(0.299516 0.205057 -0.025334)
(0.304523 0.205068 -0.025334)
(0.30953 0.20508 -0.025334)
(0.314537 0.205092 -0.025334)
(0.319544 0.205106 -0.025334)
(0.324551 0.20512 -0.025334)
(0.329558 0.205134 -0.025334)
(0.334565 0.20515 -0.025334)
(0.339572 0.205166 -0.025334)
(0.344579 0.205183 -0.025334)
(0.349587 0.2052 -0.025334)
(0.354594 0.205217 -0.025334)
(0.359601 0.205236 -0.025334)
(0.364608 0.205254 -0.025334)
(0.369616 0.205274 -0.025334)
(0.374623 0.205293 -0.025334)
(0.379631 0.205313 -0.025334)
(0.384638 0.205334 -0.025334)
(0.389645 0.205355 -0.025334)
(0.394653 0.205376 -0.025334)
(0.39966 0.205397 -0.025334)
(0.404668 0.205419 -0.025334)
(0.409675 0.205441 -0.025334)
(0.414683 0.205463 -0.025334)
(0.419691 0.205486 -0.025334)
(0.424698 0.205508 -0.025334)
(0.429706 0.205531 -0.025334)
(0.434714 0.205554 -0.025334)
(0.439721 0.205578 -0.025334)
(0.444729 0.205601 -0.025334)
(0.449737 0.205624 -0.025334)
(0.454744 0.205648 -0.025334)
(0.459752 0.205672 -0.025334)
(0.46476 0.205696 -0.025334)
(0.469768 0.20572 -0.025334)
(0.474775 0.205744 -0.025334)
(0.479783 0.205768 -0.025334)
(0.484791 0.205792 -0.025334)
(0.489799 0.205816 -0.025334)
(0.494807 0.205841 -0.025334)
(0.499815 0.205865 -0.025334)
(0.504822 0.205889 -0.025334)
(0.50983 0.205914 -0.025334)
(0.514838 0.205938 -0.025334)
(0.519846 0.205963 -0.025334)
(0.524854 0.205987 -0.025334)
(0.529862 0.206012 -0.025334)
(0.53487 0.206036 -0.025334)
(0.539877 0.206061 -0.025334)
(0.544885 0.206085 -0.025334)
(0.549893 0.20611 -0.025334)
(0.554901 0.206134 -0.025334)
(0.559909 0.206159 -0.025334)
(0.564917 0.206183 -0.025334)
(0.569925 0.206208 -0.025334)
(0.574932 0.206232 -0.025334)
(0.57994 0.206257 -0.025334)
(0.584948 0.206282 -0.025334)
(0.589956 0.206306 -0.025334)
(0.594964 0.206331 -0.025334)
)


// ************************************************************************* //
