/*--------------------------------*- C++ -*----------------------------------*\
| =========                 |                                                 |
| \\      /  F ield         | OpenFOAM Extend Project: Open source CFD        |
|  \\    /   O peration     | Version:  1.6-ext                               |
|   \\  /    A nd           | Web:      www.extend-project.de                 |
|    \\/     M anipulation  |                                                 |
\*---------------------------------------------------------------------------*/
FoamFile
{
    version     2.0;
    format      ascii;
    class       vectorField;
    location    "0.65/polyMesh";
    object      points;
}
// * * * * * * * * * * * * * * * * * * * * * * * * * * * * * * * * * * * * * //


830
(
(0.299514 0.210031 0.025334)
(0.299535 0.19003 0.025334)
(0.600001 0.190398 0.025334)
(0.594994 0.190393 0.025334)
(0.589986 0.190388 0.025334)
(0.584978 0.190383 0.025334)
(0.57997 0.190379 0.025334)
(0.574962 0.190374 0.025334)
(0.569954 0.190369 0.025334)
(0.564946 0.190364 0.025334)
(0.559938 0.190359 0.025334)
(0.55493 0.190354 0.025334)
(0.549923 0.190349 0.025334)
(0.544915 0.190344 0.025334)
(0.539907 0.190339 0.025334)
(0.534899 0.190334 0.025334)
(0.529891 0.190328 0.025334)
(0.524883 0.190323 0.025334)
(0.519876 0.190318 0.025334)
(0.514868 0.190313 0.025334)
(0.50986 0.190308 0.025334)
(0.504852 0.190302 0.025334)
(0.499844 0.190297 0.025334)
(0.494837 0.190291 0.025334)
(0.489829 0.190286 0.025334)
(0.484821 0.19028 0.025334)
(0.479814 0.190274 0.025334)
(0.474806 0.190268 0.025334)
(0.469798 0.190262 0.025334)
(0.464791 0.190256 0.025334)
(0.459783 0.19025 0.025334)
(0.454776 0.190244 0.025334)
(0.449768 0.190238 0.025334)
(0.44476 0.190231 0.025334)
(0.439753 0.190225 0.025334)
(0.434745 0.190218 0.025334)
(0.429738 0.190211 0.025334)
(0.42473 0.190204 0.025334)
(0.419722 0.190197 0.025334)
(0.414715 0.19019 0.025334)
(0.409707 0.190183 0.025334)
(0.4047 0.190176 0.025334)
(0.399692 0.190169 0.025334)
(0.394684 0.190161 0.025334)
(0.389677 0.190154 0.025334)
(0.384669 0.190147 0.025334)
(0.379661 0.190139 0.025334)
(0.374654 0.190132 0.025334)
(0.369646 0.190124 0.025334)
(0.364638 0.190117 0.025334)
(0.359631 0.190109 0.025334)
(0.354623 0.190102 0.025334)
(0.349615 0.190095 0.025334)
(0.344607 0.190087 0.025334)
(0.339599 0.19008 0.025334)
(0.334591 0.190073 0.025334)
(0.329583 0.190067 0.025334)
(0.324575 0.19006 0.025334)
(0.319567 0.190053 0.025334)
(0.314559 0.190047 0.025334)
(0.309551 0.190041 0.025334)
(0.304543 0.190036 0.025334)
(0.599991 0.200398 0.025334)
(0.599996 0.195398 0.025334)
(0.599982 0.210398 0.025334)
(0.599986 0.205398 0.025334)
(0.304521 0.210037 0.025334)
(0.309528 0.210042 0.025334)
(0.314535 0.210048 0.025334)
(0.319543 0.210054 0.025334)
(0.32455 0.210061 0.025334)
(0.329557 0.210067 0.025334)
(0.334564 0.210074 0.025334)
(0.339572 0.210081 0.025334)
(0.344579 0.210088 0.025334)
(0.349586 0.210095 0.025334)
(0.354594 0.210103 0.025334)
(0.359601 0.21011 0.025334)
(0.364609 0.210117 0.025334)
(0.369617 0.210125 0.025334)
(0.374624 0.210132 0.025334)
(0.379632 0.21014 0.025334)
(0.38464 0.210147 0.025334)
(0.389647 0.210155 0.025334)
(0.394655 0.210162 0.025334)
(0.399663 0.210169 0.025334)
(0.404671 0.210177 0.025334)
(0.409679 0.210184 0.025334)
(0.414687 0.210191 0.025334)
(0.419695 0.210198 0.025334)
(0.424702 0.210205 0.025334)
(0.42971 0.210212 0.025334)
(0.434718 0.210218 0.025334)
(0.439726 0.210225 0.025334)
(0.444734 0.210231 0.025334)
(0.449742 0.210238 0.025334)
(0.45475 0.210244 0.025334)
(0.459758 0.21025 0.025334)
(0.464766 0.210257 0.025334)
(0.469774 0.210263 0.025334)
(0.474783 0.210268 0.025334)
(0.479791 0.210274 0.025334)
(0.484799 0.21028 0.025334)
(0.489807 0.210286 0.025334)
(0.494815 0.210291 0.025334)
(0.499823 0.210297 0.025334)
(0.504831 0.210302 0.025334)
(0.509839 0.210307 0.025334)
(0.514847 0.210313 0.025334)
(0.519855 0.210318 0.025334)
(0.524863 0.210323 0.025334)
(0.529871 0.210328 0.025334)
(0.534879 0.210333 0.025334)
(0.539887 0.210338 0.025334)
(0.544895 0.210343 0.025334)
(0.549902 0.210349 0.025334)
(0.55491 0.210354 0.025334)
(0.559918 0.210358 0.025334)
(0.564926 0.210363 0.025334)
(0.569934 0.210368 0.025334)
(0.574942 0.210373 0.025334)
(0.57995 0.210378 0.025334)
(0.584958 0.210383 0.025334)
(0.589966 0.210388 0.025334)
(0.594974 0.210393 0.025334)
(0.248989 0.21 0.025334)
(0.249989 0.210001 0.025334)
(0.251061 0.210001 0.025334)
(0.252211 0.210001 0.025334)
(0.253445 0.210002 0.025334)
(0.254767 0.210002 0.025334)
(0.256186 0.210002 0.025334)
(0.257707 0.210003 0.025334)
(0.259339 0.210003 0.025334)
(0.261089 0.210004 0.025334)
(0.262966 0.210004 0.025334)
(0.264979 0.210005 0.025334)
(0.267139 0.210006 0.025334)
(0.269454 0.210007 0.025334)
(0.271938 0.210009 0.025334)
(0.274601 0.21001 0.025334)
(0.277458 0.210012 0.025334)
(0.280522 0.210014 0.025334)
(0.283808 0.210017 0.025334)
(0.287332 0.21002 0.025334)
(0.291112 0.210023 0.025334)
(0.295166 0.210027 0.025334)
(0.24899 0.19 0.025334)
(0.295186 0.190026 0.025334)
(0.29113 0.190022 0.025334)
(0.287349 0.190019 0.025334)
(0.283824 0.190016 0.025334)
(0.280536 0.190013 0.025334)
(0.277471 0.190011 0.025334)
(0.274613 0.190009 0.025334)
(0.271949 0.190007 0.025334)
(0.269464 0.190006 0.025334)
(0.267147 0.190005 0.025334)
(0.264987 0.190004 0.025334)
(0.262973 0.190003 0.025334)
(0.261096 0.190002 0.025334)
(0.259345 0.190002 0.025334)
(0.257712 0.190001 0.025334)
(0.25619 0.190001 0.025334)
(0.254771 0.190001 0.025334)
(0.253447 0.190001 0.025334)
(0.252213 0.19 0.025334)
(0.251063 0.19 0.025334)
(0.24999 0.19 0.025334)
(0.24899 0.195 0.025334)
(0.24899 0.2 0.025334)
(0.24899 0.205 0.025334)
(0.24999 0.195 0.025334)
(0.251062 0.195 0.025334)
(0.252213 0.195 0.025334)
(0.253447 0.195 0.025334)
(0.25477 0.195001 0.025334)
(0.256189 0.195001 0.025334)
(0.257711 0.195001 0.025334)
(0.259343 0.195002 0.025334)
(0.261094 0.195002 0.025334)
(0.262972 0.195003 0.025334)
(0.264985 0.195004 0.025334)
(0.267145 0.195005 0.025334)
(0.269462 0.195006 0.025334)
(0.271946 0.195007 0.025334)
(0.27461 0.195009 0.025334)
(0.277468 0.195011 0.025334)
(0.280533 0.195013 0.025334)
(0.28382 0.195016 0.025334)
(0.287345 0.195018 0.025334)
(0.291126 0.195022 0.025334)
(0.295181 0.195026 0.025334)
(0.29953 0.19503 0.025334)
(0.304538 0.195036 0.025334)
(0.309545 0.195041 0.025334)
(0.314553 0.195047 0.025334)
(0.319561 0.195053 0.025334)
(0.324569 0.19506 0.025334)
(0.329577 0.195067 0.025334)
(0.334585 0.195073 0.025334)
(0.339592 0.19508 0.025334)
(0.3446 0.195088 0.025334)
(0.349608 0.195095 0.025334)
(0.354616 0.195102 0.025334)
(0.359623 0.195109 0.025334)
(0.364631 0.195117 0.025334)
(0.369639 0.195124 0.025334)
(0.374646 0.195132 0.025334)
(0.379654 0.195139 0.025334)
(0.384662 0.195147 0.025334)
(0.389669 0.195154 0.025334)
(0.394677 0.195162 0.025334)
(0.399685 0.195169 0.025334)
(0.404692 0.195176 0.025334)
(0.4097 0.195183 0.025334)
(0.414708 0.195191 0.025334)
(0.419715 0.195198 0.025334)
(0.424723 0.195205 0.025334)
(0.429731 0.195211 0.025334)
(0.434738 0.195218 0.025334)
(0.439746 0.195225 0.025334)
(0.444754 0.195231 0.025334)
(0.449762 0.195238 0.025334)
(0.454769 0.195244 0.025334)
(0.459777 0.19525 0.025334)
(0.464785 0.195257 0.025334)
(0.469792 0.195263 0.025334)
(0.4748 0.195269 0.025334)
(0.479808 0.195274 0.025334)
(0.484816 0.19528 0.025334)
(0.489823 0.195286 0.025334)
(0.494831 0.195291 0.025334)
(0.499839 0.195297 0.025334)
(0.504847 0.195302 0.025334)
(0.509855 0.195308 0.025334)
(0.514862 0.195313 0.025334)
(0.51987 0.195318 0.025334)
(0.524878 0.195323 0.025334)
(0.529886 0.195328 0.025334)
(0.534894 0.195334 0.025334)
(0.539902 0.195339 0.025334)
(0.54491 0.195344 0.025334)
(0.549917 0.195349 0.025334)
(0.554925 0.195354 0.025334)
(0.559933 0.195359 0.025334)
(0.564941 0.195364 0.025334)
(0.569949 0.195369 0.025334)
(0.574957 0.195374 0.025334)
(0.579965 0.195378 0.025334)
(0.584973 0.195383 0.025334)
(0.589981 0.195388 0.025334)
(0.594988 0.195393 0.025334)
(0.24999 0.2 0.025334)
(0.251062 0.2 0.025334)
(0.252212 0.2 0.025334)
(0.253446 0.2 0.025334)
(0.254769 0.200001 0.025334)
(0.256188 0.200001 0.025334)
(0.25771 0.200001 0.025334)
(0.259342 0.200002 0.025334)
(0.261092 0.200002 0.025334)
(0.26297 0.200003 0.025334)
(0.264983 0.200004 0.025334)
(0.267143 0.200005 0.025334)
(0.269459 0.200006 0.025334)
(0.271943 0.200007 0.025334)
(0.274607 0.200009 0.025334)
(0.277465 0.200011 0.025334)
(0.280529 0.200013 0.025334)
(0.283816 0.200016 0.025334)
(0.287341 0.200019 0.025334)
(0.291121 0.200022 0.025334)
(0.295176 0.200026 0.025334)
(0.299525 0.20003 0.025334)
(0.304532 0.200036 0.025334)
(0.30954 0.200041 0.025334)
(0.314547 0.200047 0.025334)
(0.319555 0.200054 0.025334)
(0.324563 0.20006 0.025334)
(0.32957 0.200067 0.025334)
(0.334578 0.200074 0.025334)
(0.339585 0.200081 0.025334)
(0.344593 0.200088 0.025334)
(0.349601 0.200095 0.025334)
(0.354608 0.200102 0.025334)
(0.359616 0.20011 0.025334)
(0.364624 0.200117 0.025334)
(0.369631 0.200125 0.025334)
(0.374639 0.200132 0.025334)
(0.379647 0.200139 0.025334)
(0.384654 0.200147 0.025334)
(0.389662 0.200154 0.025334)
(0.39467 0.200162 0.025334)
(0.399678 0.200169 0.025334)
(0.404685 0.200176 0.025334)
(0.409693 0.200184 0.025334)
(0.414701 0.200191 0.025334)
(0.419708 0.200198 0.025334)
(0.424716 0.200205 0.025334)
(0.429724 0.200212 0.025334)
(0.434732 0.200218 0.025334)
(0.43974 0.200225 0.025334)
(0.444747 0.200231 0.025334)
(0.449755 0.200238 0.025334)
(0.454763 0.200244 0.025334)
(0.459771 0.20025 0.025334)
(0.464779 0.200257 0.025334)
(0.469786 0.200263 0.025334)
(0.474794 0.200269 0.025334)
(0.479802 0.200274 0.025334)
(0.48481 0.20028 0.025334)
(0.489818 0.200286 0.025334)
(0.494826 0.200291 0.025334)
(0.499834 0.200297 0.025334)
(0.504841 0.200302 0.025334)
(0.509849 0.200308 0.025334)
(0.514857 0.200313 0.025334)
(0.519865 0.200318 0.025334)
(0.524873 0.200323 0.025334)
(0.529881 0.200328 0.025334)
(0.534889 0.200333 0.025334)
(0.539897 0.200339 0.025334)
(0.544905 0.200344 0.025334)
(0.549912 0.200349 0.025334)
(0.55492 0.200354 0.025334)
(0.559928 0.200359 0.025334)
(0.564936 0.200364 0.025334)
(0.569944 0.200369 0.025334)
(0.574952 0.200373 0.025334)
(0.57996 0.200378 0.025334)
(0.584968 0.200383 0.025334)
(0.589976 0.200388 0.025334)
(0.594984 0.200393 0.025334)
(0.24999 0.205 0.025334)
(0.251062 0.205 0.025334)
(0.252212 0.205001 0.025334)
(0.253445 0.205001 0.025334)
(0.254768 0.205001 0.025334)
(0.256187 0.205001 0.025334)
(0.257709 0.205002 0.025334)
(0.259341 0.205002 0.025334)
(0.261091 0.205003 0.025334)
(0.262968 0.205003 0.025334)
(0.264982 0.205004 0.025334)
(0.267141 0.205005 0.025334)
(0.269457 0.205006 0.025334)
(0.27194 0.205008 0.025334)
(0.274604 0.205009 0.025334)
(0.277461 0.205011 0.025334)
(0.280526 0.205013 0.025334)
(0.283812 0.205016 0.025334)
(0.287337 0.205019 0.025334)
(0.291117 0.205022 0.025334)
(0.295171 0.205026 0.025334)
(0.29952 0.205031 0.025334)
(0.304527 0.205036 0.025334)
(0.309534 0.205042 0.025334)
(0.314541 0.205048 0.025334)
(0.319549 0.205054 0.025334)
(0.324556 0.20506 0.025334)
(0.329564 0.205067 0.025334)
(0.334571 0.205074 0.025334)
(0.339579 0.205081 0.025334)
(0.344586 0.205088 0.025334)
(0.349594 0.205095 0.025334)
(0.354601 0.205102 0.025334)
(0.359609 0.20511 0.025334)
(0.364616 0.205117 0.025334)
(0.369624 0.205125 0.025334)
(0.374632 0.205132 0.025334)
(0.379639 0.20514 0.025334)
(0.384647 0.205147 0.025334)
(0.389655 0.205154 0.025334)
(0.394663 0.205162 0.025334)
(0.39967 0.205169 0.025334)
(0.404678 0.205176 0.025334)
(0.409686 0.205184 0.025334)
(0.414694 0.205191 0.025334)
(0.419702 0.205198 0.025334)
(0.424709 0.205205 0.025334)
(0.429717 0.205212 0.025334)
(0.434725 0.205218 0.025334)
(0.439733 0.205225 0.025334)
(0.444741 0.205232 0.025334)
(0.449749 0.205238 0.025334)
(0.454757 0.205244 0.025334)
(0.459765 0.20525 0.025334)
(0.464773 0.205257 0.025334)
(0.46978 0.205263 0.025334)
(0.474788 0.205269 0.025334)
(0.479796 0.205274 0.025334)
(0.484804 0.20528 0.025334)
(0.489812 0.205286 0.025334)
(0.49482 0.205291 0.025334)
(0.499828 0.205297 0.025334)
(0.504836 0.205302 0.025334)
(0.509844 0.205308 0.025334)
(0.514852 0.205313 0.025334)
(0.51986 0.205318 0.025334)
(0.524868 0.205323 0.025334)
(0.529876 0.205328 0.025334)
(0.534884 0.205333 0.025334)
(0.539892 0.205339 0.025334)
(0.5449 0.205344 0.025334)
(0.549907 0.205349 0.025334)
(0.554915 0.205354 0.025334)
(0.559923 0.205359 0.025334)
(0.564931 0.205364 0.025334)
(0.569939 0.205368 0.025334)
(0.574947 0.205373 0.025334)
(0.579955 0.205378 0.025334)
(0.584963 0.205383 0.025334)
(0.589971 0.205388 0.025334)
(0.594979 0.205393 0.025334)
(0.299514 0.210031 -0.025334)
(0.299535 0.19003 -0.025334)
(0.600001 0.190398 -0.025334)
(0.594994 0.190393 -0.025334)
(0.589986 0.190388 -0.025334)
(0.584978 0.190383 -0.025334)
(0.57997 0.190379 -0.025334)
(0.574962 0.190374 -0.025334)
(0.569954 0.190369 -0.025334)
(0.564946 0.190364 -0.025334)
(0.559938 0.190359 -0.025334)
(0.55493 0.190354 -0.025334)
(0.549923 0.190349 -0.025334)
(0.544915 0.190344 -0.025334)
(0.539907 0.190339 -0.025334)
(0.534899 0.190334 -0.025334)
(0.529891 0.190328 -0.025334)
(0.524883 0.190323 -0.025334)
(0.519876 0.190318 -0.025334)
(0.514868 0.190313 -0.025334)
(0.50986 0.190308 -0.025334)
(0.504852 0.190302 -0.025334)
(0.499844 0.190297 -0.025334)
(0.494837 0.190291 -0.025334)
(0.489829 0.190286 -0.025334)
(0.484821 0.19028 -0.025334)
(0.479814 0.190274 -0.025334)
(0.474806 0.190268 -0.025334)
(0.469798 0.190262 -0.025334)
(0.464791 0.190256 -0.025334)
(0.459783 0.19025 -0.025334)
(0.454776 0.190244 -0.025334)
(0.449768 0.190238 -0.025334)
(0.44476 0.190231 -0.025334)
(0.439753 0.190225 -0.025334)
(0.434745 0.190218 -0.025334)
(0.429738 0.190211 -0.025334)
(0.42473 0.190204 -0.025334)
(0.419722 0.190197 -0.025334)
(0.414715 0.19019 -0.025334)
(0.409707 0.190183 -0.025334)
(0.4047 0.190176 -0.025334)
(0.399692 0.190169 -0.025334)
(0.394684 0.190161 -0.025334)
(0.389677 0.190154 -0.025334)
(0.384669 0.190147 -0.025334)
(0.379661 0.190139 -0.025334)
(0.374654 0.190132 -0.025334)
(0.369646 0.190124 -0.025334)
(0.364638 0.190117 -0.025334)
(0.359631 0.190109 -0.025334)
(0.354623 0.190102 -0.025334)
(0.349615 0.190095 -0.025334)
(0.344607 0.190087 -0.025334)
(0.339599 0.19008 -0.025334)
(0.334591 0.190073 -0.025334)
(0.329583 0.190067 -0.025334)
(0.324575 0.19006 -0.025334)
(0.319567 0.190053 -0.025334)
(0.314559 0.190047 -0.025334)
(0.309551 0.190041 -0.025334)
(0.304543 0.190036 -0.025334)
(0.599991 0.200398 -0.025334)
(0.599996 0.195398 -0.025334)
(0.599982 0.210398 -0.025334)
(0.599986 0.205398 -0.025334)
(0.304521 0.210037 -0.025334)
(0.309528 0.210042 -0.025334)
(0.314535 0.210048 -0.025334)
(0.319543 0.210054 -0.025334)
(0.32455 0.210061 -0.025334)
(0.329557 0.210067 -0.025334)
(0.334564 0.210074 -0.025334)
(0.339572 0.210081 -0.025334)
(0.344579 0.210088 -0.025334)
(0.349586 0.210095 -0.025334)
(0.354594 0.210103 -0.025334)
(0.359601 0.21011 -0.025334)
(0.364609 0.210117 -0.025334)
(0.369617 0.210125 -0.025334)
(0.374624 0.210132 -0.025334)
(0.379632 0.21014 -0.025334)
(0.38464 0.210147 -0.025334)
(0.389647 0.210155 -0.025334)
(0.394655 0.210162 -0.025334)
(0.399663 0.210169 -0.025334)
(0.404671 0.210177 -0.025334)
(0.409679 0.210184 -0.025334)
(0.414687 0.210191 -0.025334)
(0.419695 0.210198 -0.025334)
(0.424702 0.210205 -0.025334)
(0.42971 0.210212 -0.025334)
(0.434718 0.210218 -0.025334)
(0.439726 0.210225 -0.025334)
(0.444734 0.210231 -0.025334)
(0.449742 0.210238 -0.025334)
(0.45475 0.210244 -0.025334)
(0.459758 0.21025 -0.025334)
(0.464766 0.210257 -0.025334)
(0.469774 0.210263 -0.025334)
(0.474783 0.210268 -0.025334)
(0.479791 0.210274 -0.025334)
(0.484799 0.21028 -0.025334)
(0.489807 0.210286 -0.025334)
(0.494815 0.210291 -0.025334)
(0.499823 0.210297 -0.025334)
(0.504831 0.210302 -0.025334)
(0.509839 0.210307 -0.025334)
(0.514847 0.210313 -0.025334)
(0.519855 0.210318 -0.025334)
(0.524863 0.210323 -0.025334)
(0.529871 0.210328 -0.025334)
(0.534879 0.210333 -0.025334)
(0.539887 0.210338 -0.025334)
(0.544895 0.210343 -0.025334)
(0.549902 0.210349 -0.025334)
(0.55491 0.210354 -0.025334)
(0.559918 0.210358 -0.025334)
(0.564926 0.210363 -0.025334)
(0.569934 0.210368 -0.025334)
(0.574942 0.210373 -0.025334)
(0.57995 0.210378 -0.025334)
(0.584958 0.210383 -0.025334)
(0.589966 0.210388 -0.025334)
(0.594974 0.210393 -0.025334)
(0.248989 0.21 -0.025334)
(0.249989 0.210001 -0.025334)
(0.251061 0.210001 -0.025334)
(0.252211 0.210001 -0.025334)
(0.253445 0.210002 -0.025334)
(0.254767 0.210002 -0.025334)
(0.256186 0.210002 -0.025334)
(0.257707 0.210003 -0.025334)
(0.259339 0.210003 -0.025334)
(0.261089 0.210004 -0.025334)
(0.262966 0.210004 -0.025334)
(0.264979 0.210005 -0.025334)
(0.267139 0.210006 -0.025334)
(0.269454 0.210007 -0.025334)
(0.271938 0.210009 -0.025334)
(0.274601 0.21001 -0.025334)
(0.277458 0.210012 -0.025334)
(0.280522 0.210014 -0.025334)
(0.283808 0.210017 -0.025334)
(0.287332 0.21002 -0.025334)
(0.291112 0.210023 -0.025334)
(0.295166 0.210027 -0.025334)
(0.24899 0.19 -0.025334)
(0.295186 0.190026 -0.025334)
(0.29113 0.190022 -0.025334)
(0.287349 0.190019 -0.025334)
(0.283824 0.190016 -0.025334)
(0.280536 0.190013 -0.025334)
(0.277471 0.190011 -0.025334)
(0.274613 0.190009 -0.025334)
(0.271949 0.190007 -0.025334)
(0.269464 0.190006 -0.025334)
(0.267147 0.190005 -0.025334)
(0.264987 0.190004 -0.025334)
(0.262973 0.190003 -0.025334)
(0.261096 0.190002 -0.025334)
(0.259345 0.190002 -0.025334)
(0.257712 0.190001 -0.025334)
(0.25619 0.190001 -0.025334)
(0.254771 0.190001 -0.025334)
(0.253447 0.190001 -0.025334)
(0.252213 0.19 -0.025334)
(0.251063 0.19 -0.025334)
(0.24999 0.19 -0.025334)
(0.24899 0.195 -0.025334)
(0.24899 0.2 -0.025334)
(0.24899 0.205 -0.025334)
(0.24999 0.195 -0.025334)
(0.251062 0.195 -0.025334)
(0.252213 0.195 -0.025334)
(0.253447 0.195 -0.025334)
(0.25477 0.195001 -0.025334)
(0.256189 0.195001 -0.025334)
(0.257711 0.195001 -0.025334)
(0.259343 0.195002 -0.025334)
(0.261094 0.195002 -0.025334)
(0.262972 0.195003 -0.025334)
(0.264985 0.195004 -0.025334)
(0.267145 0.195005 -0.025334)
(0.269462 0.195006 -0.025334)
(0.271946 0.195007 -0.025334)
(0.27461 0.195009 -0.025334)
(0.277468 0.195011 -0.025334)
(0.280533 0.195013 -0.025334)
(0.28382 0.195016 -0.025334)
(0.287345 0.195018 -0.025334)
(0.291126 0.195022 -0.025334)
(0.295181 0.195026 -0.025334)
(0.29953 0.19503 -0.025334)
(0.304538 0.195036 -0.025334)
(0.309545 0.195041 -0.025334)
(0.314553 0.195047 -0.025334)
(0.319561 0.195053 -0.025334)
(0.324569 0.19506 -0.025334)
(0.329577 0.195067 -0.025334)
(0.334585 0.195073 -0.025334)
(0.339592 0.19508 -0.025334)
(0.3446 0.195088 -0.025334)
(0.349608 0.195095 -0.025334)
(0.354616 0.195102 -0.025334)
(0.359623 0.195109 -0.025334)
(0.364631 0.195117 -0.025334)
(0.369639 0.195124 -0.025334)
(0.374646 0.195132 -0.025334)
(0.379654 0.195139 -0.025334)
(0.384662 0.195147 -0.025334)
(0.389669 0.195154 -0.025334)
(0.394677 0.195162 -0.025334)
(0.399685 0.195169 -0.025334)
(0.404692 0.195176 -0.025334)
(0.4097 0.195183 -0.025334)
(0.414708 0.195191 -0.025334)
(0.419715 0.195198 -0.025334)
(0.424723 0.195205 -0.025334)
(0.429731 0.195211 -0.025334)
(0.434738 0.195218 -0.025334)
(0.439746 0.195225 -0.025334)
(0.444754 0.195231 -0.025334)
(0.449762 0.195238 -0.025334)
(0.454769 0.195244 -0.025334)
(0.459777 0.19525 -0.025334)
(0.464785 0.195257 -0.025334)
(0.469792 0.195263 -0.025334)
(0.4748 0.195269 -0.025334)
(0.479808 0.195274 -0.025334)
(0.484816 0.19528 -0.025334)
(0.489823 0.195286 -0.025334)
(0.494831 0.195291 -0.025334)
(0.499839 0.195297 -0.025334)
(0.504847 0.195302 -0.025334)
(0.509855 0.195308 -0.025334)
(0.514862 0.195313 -0.025334)
(0.51987 0.195318 -0.025334)
(0.524878 0.195323 -0.025334)
(0.529886 0.195328 -0.025334)
(0.534894 0.195334 -0.025334)
(0.539902 0.195339 -0.025334)
(0.54491 0.195344 -0.025334)
(0.549917 0.195349 -0.025334)
(0.554925 0.195354 -0.025334)
(0.559933 0.195359 -0.025334)
(0.564941 0.195364 -0.025334)
(0.569949 0.195369 -0.025334)
(0.574957 0.195374 -0.025334)
(0.579965 0.195378 -0.025334)
(0.584973 0.195383 -0.025334)
(0.589981 0.195388 -0.025334)
(0.594988 0.195393 -0.025334)
(0.24999 0.2 -0.025334)
(0.251062 0.2 -0.025334)
(0.252212 0.2 -0.025334)
(0.253446 0.2 -0.025334)
(0.254769 0.200001 -0.025334)
(0.256188 0.200001 -0.025334)
(0.25771 0.200001 -0.025334)
(0.259342 0.200002 -0.025334)
(0.261092 0.200002 -0.025334)
(0.26297 0.200003 -0.025334)
(0.264983 0.200004 -0.025334)
(0.267143 0.200005 -0.025334)
(0.269459 0.200006 -0.025334)
(0.271943 0.200007 -0.025334)
(0.274607 0.200009 -0.025334)
(0.277465 0.200011 -0.025334)
(0.280529 0.200013 -0.025334)
(0.283816 0.200016 -0.025334)
(0.287341 0.200019 -0.025334)
(0.291121 0.200022 -0.025334)
(0.295176 0.200026 -0.025334)
(0.299525 0.20003 -0.025334)
(0.304532 0.200036 -0.025334)
(0.30954 0.200041 -0.025334)
(0.314547 0.200047 -0.025334)
(0.319555 0.200054 -0.025334)
(0.324563 0.20006 -0.025334)
(0.32957 0.200067 -0.025334)
(0.334578 0.200074 -0.025334)
(0.339585 0.200081 -0.025334)
(0.344593 0.200088 -0.025334)
(0.349601 0.200095 -0.025334)
(0.354608 0.200102 -0.025334)
(0.359616 0.20011 -0.025334)
(0.364624 0.200117 -0.025334)
(0.369631 0.200125 -0.025334)
(0.374639 0.200132 -0.025334)
(0.379647 0.200139 -0.025334)
(0.384654 0.200147 -0.025334)
(0.389662 0.200154 -0.025334)
(0.39467 0.200162 -0.025334)
(0.399678 0.200169 -0.025334)
(0.404685 0.200176 -0.025334)
(0.409693 0.200184 -0.025334)
(0.414701 0.200191 -0.025334)
(0.419708 0.200198 -0.025334)
(0.424716 0.200205 -0.025334)
(0.429724 0.200212 -0.025334)
(0.434732 0.200218 -0.025334)
(0.43974 0.200225 -0.025334)
(0.444747 0.200231 -0.025334)
(0.449755 0.200238 -0.025334)
(0.454763 0.200244 -0.025334)
(0.459771 0.20025 -0.025334)
(0.464779 0.200257 -0.025334)
(0.469786 0.200263 -0.025334)
(0.474794 0.200269 -0.025334)
(0.479802 0.200274 -0.025334)
(0.48481 0.20028 -0.025334)
(0.489818 0.200286 -0.025334)
(0.494826 0.200291 -0.025334)
(0.499834 0.200297 -0.025334)
(0.504841 0.200302 -0.025334)
(0.509849 0.200308 -0.025334)
(0.514857 0.200313 -0.025334)
(0.519865 0.200318 -0.025334)
(0.524873 0.200323 -0.025334)
(0.529881 0.200328 -0.025334)
(0.534889 0.200333 -0.025334)
(0.539897 0.200339 -0.025334)
(0.544905 0.200344 -0.025334)
(0.549912 0.200349 -0.025334)
(0.55492 0.200354 -0.025334)
(0.559928 0.200359 -0.025334)
(0.564936 0.200364 -0.025334)
(0.569944 0.200369 -0.025334)
(0.574952 0.200373 -0.025334)
(0.57996 0.200378 -0.025334)
(0.584968 0.200383 -0.025334)
(0.589976 0.200388 -0.025334)
(0.594984 0.200393 -0.025334)
(0.24999 0.205 -0.025334)
(0.251062 0.205 -0.025334)
(0.252212 0.205001 -0.025334)
(0.253445 0.205001 -0.025334)
(0.254768 0.205001 -0.025334)
(0.256187 0.205001 -0.025334)
(0.257709 0.205002 -0.025334)
(0.259341 0.205002 -0.025334)
(0.261091 0.205003 -0.025334)
(0.262968 0.205003 -0.025334)
(0.264982 0.205004 -0.025334)
(0.267141 0.205005 -0.025334)
(0.269457 0.205006 -0.025334)
(0.27194 0.205008 -0.025334)
(0.274604 0.205009 -0.025334)
(0.277461 0.205011 -0.025334)
(0.280526 0.205013 -0.025334)
(0.283812 0.205016 -0.025334)
(0.287337 0.205019 -0.025334)
(0.291117 0.205022 -0.025334)
(0.295171 0.205026 -0.025334)
(0.29952 0.205031 -0.025334)
(0.304527 0.205036 -0.025334)
(0.309534 0.205042 -0.025334)
(0.314541 0.205048 -0.025334)
(0.319549 0.205054 -0.025334)
(0.324556 0.20506 -0.025334)
(0.329564 0.205067 -0.025334)
(0.334571 0.205074 -0.025334)
(0.339579 0.205081 -0.025334)
(0.344586 0.205088 -0.025334)
(0.349594 0.205095 -0.025334)
(0.354601 0.205102 -0.025334)
(0.359609 0.20511 -0.025334)
(0.364616 0.205117 -0.025334)
(0.369624 0.205125 -0.025334)
(0.374632 0.205132 -0.025334)
(0.379639 0.20514 -0.025334)
(0.384647 0.205147 -0.025334)
(0.389655 0.205154 -0.025334)
(0.394663 0.205162 -0.025334)
(0.39967 0.205169 -0.025334)
(0.404678 0.205176 -0.025334)
(0.409686 0.205184 -0.025334)
(0.414694 0.205191 -0.025334)
(0.419702 0.205198 -0.025334)
(0.424709 0.205205 -0.025334)
(0.429717 0.205212 -0.025334)
(0.434725 0.205218 -0.025334)
(0.439733 0.205225 -0.025334)
(0.444741 0.205232 -0.025334)
(0.449749 0.205238 -0.025334)
(0.454757 0.205244 -0.025334)
(0.459765 0.20525 -0.025334)
(0.464773 0.205257 -0.025334)
(0.46978 0.205263 -0.025334)
(0.474788 0.205269 -0.025334)
(0.479796 0.205274 -0.025334)
(0.484804 0.20528 -0.025334)
(0.489812 0.205286 -0.025334)
(0.49482 0.205291 -0.025334)
(0.499828 0.205297 -0.025334)
(0.504836 0.205302 -0.025334)
(0.509844 0.205308 -0.025334)
(0.514852 0.205313 -0.025334)
(0.51986 0.205318 -0.025334)
(0.524868 0.205323 -0.025334)
(0.529876 0.205328 -0.025334)
(0.534884 0.205333 -0.025334)
(0.539892 0.205339 -0.025334)
(0.5449 0.205344 -0.025334)
(0.549907 0.205349 -0.025334)
(0.554915 0.205354 -0.025334)
(0.559923 0.205359 -0.025334)
(0.564931 0.205364 -0.025334)
(0.569939 0.205368 -0.025334)
(0.574947 0.205373 -0.025334)
(0.579955 0.205378 -0.025334)
(0.584963 0.205383 -0.025334)
(0.589971 0.205388 -0.025334)
(0.594979 0.205393 -0.025334)
)


// ************************************************************************* //
