/*--------------------------------*- C++ -*----------------------------------*\
| =========                 |                                                 |
| \\      /  F ield         | OpenFOAM Extend Project: Open source CFD        |
|  \\    /   O peration     | Version:  1.6-ext                               |
|   \\  /    A nd           | Web:      www.extend-project.de                 |
|    \\/     M anipulation  |                                                 |
\*---------------------------------------------------------------------------*/
FoamFile
{
    version     2.0;
    format      ascii;
    class       vectorField;
    location    "0.4/polyMesh";
    object      points;
}
// * * * * * * * * * * * * * * * * * * * * * * * * * * * * * * * * * * * * * //


830
(
(0.299527 0.210006 0.025334)
(0.299528 0.190006 0.025334)
(0.599988 0.189564 0.025334)
(0.59498 0.189575 0.025334)
(0.589972 0.189586 0.025334)
(0.584964 0.189597 0.025334)
(0.579956 0.189609 0.025334)
(0.574948 0.18962 0.025334)
(0.56994 0.189631 0.025334)
(0.564932 0.189642 0.025334)
(0.559924 0.189653 0.025334)
(0.554917 0.189664 0.025334)
(0.549909 0.189676 0.025334)
(0.544901 0.189687 0.025334)
(0.539893 0.189698 0.025334)
(0.534885 0.189709 0.025334)
(0.529877 0.18972 0.025334)
(0.524869 0.189731 0.025334)
(0.519861 0.189742 0.025334)
(0.514853 0.189753 0.025334)
(0.509845 0.189763 0.025334)
(0.504837 0.189774 0.025334)
(0.499829 0.189785 0.025334)
(0.494821 0.189795 0.025334)
(0.489814 0.189806 0.025334)
(0.484806 0.189816 0.025334)
(0.479798 0.189826 0.025334)
(0.47479 0.189836 0.025334)
(0.469782 0.189846 0.025334)
(0.464774 0.189855 0.025334)
(0.459767 0.189865 0.025334)
(0.454759 0.189874 0.025334)
(0.449751 0.189883 0.025334)
(0.444743 0.189892 0.025334)
(0.439736 0.1899 0.025334)
(0.434728 0.189909 0.025334)
(0.42972 0.189917 0.025334)
(0.424713 0.189924 0.025334)
(0.419705 0.189932 0.025334)
(0.414698 0.189939 0.025334)
(0.40969 0.189945 0.025334)
(0.404683 0.189952 0.025334)
(0.399675 0.189958 0.025334)
(0.394668 0.189964 0.025334)
(0.38966 0.189969 0.025334)
(0.384653 0.189974 0.025334)
(0.379646 0.189978 0.025334)
(0.374638 0.189983 0.025334)
(0.369631 0.189987 0.025334)
(0.364624 0.18999 0.025334)
(0.359617 0.189993 0.025334)
(0.354609 0.189996 0.025334)
(0.349602 0.189998 0.025334)
(0.344595 0.19 0.025334)
(0.339588 0.190002 0.025334)
(0.33458 0.190004 0.025334)
(0.329573 0.190005 0.025334)
(0.324566 0.190006 0.025334)
(0.319558 0.190006 0.025334)
(0.314551 0.190006 0.025334)
(0.309543 0.190007 0.025334)
(0.304536 0.190006 0.025334)
(0.60001 0.199564 0.025334)
(0.599999 0.194564 0.025334)
(0.600032 0.209564 0.025334)
(0.600021 0.204564 0.025334)
(0.304535 0.210007 0.025334)
(0.309544 0.210007 0.025334)
(0.314552 0.210007 0.025334)
(0.31956 0.210006 0.025334)
(0.324569 0.210006 0.025334)
(0.329577 0.210005 0.025334)
(0.334586 0.210004 0.025334)
(0.339594 0.210002 0.025334)
(0.344603 0.21 0.025334)
(0.349611 0.209998 0.025334)
(0.35462 0.209996 0.025334)
(0.359629 0.209993 0.025334)
(0.364637 0.20999 0.025334)
(0.369646 0.209986 0.025334)
(0.374655 0.209982 0.025334)
(0.379664 0.209978 0.025334)
(0.384672 0.209973 0.025334)
(0.389681 0.209968 0.025334)
(0.39469 0.209963 0.025334)
(0.399699 0.209957 0.025334)
(0.404708 0.209951 0.025334)
(0.409716 0.209945 0.025334)
(0.414725 0.209938 0.025334)
(0.419734 0.209931 0.025334)
(0.424743 0.209923 0.025334)
(0.429752 0.209916 0.025334)
(0.43476 0.209908 0.025334)
(0.439769 0.209899 0.025334)
(0.444778 0.209891 0.025334)
(0.449786 0.209882 0.025334)
(0.454795 0.209873 0.025334)
(0.459804 0.209864 0.025334)
(0.464812 0.209854 0.025334)
(0.469821 0.209845 0.025334)
(0.474829 0.209835 0.025334)
(0.479838 0.209825 0.025334)
(0.484846 0.209815 0.025334)
(0.489855 0.209805 0.025334)
(0.494863 0.209794 0.025334)
(0.499871 0.209784 0.025334)
(0.50488 0.209773 0.025334)
(0.509888 0.209762 0.025334)
(0.514896 0.209752 0.025334)
(0.519904 0.209741 0.025334)
(0.524912 0.20973 0.025334)
(0.529921 0.209719 0.025334)
(0.534929 0.209708 0.025334)
(0.539937 0.209697 0.025334)
(0.544945 0.209686 0.025334)
(0.549953 0.209675 0.025334)
(0.554961 0.209664 0.025334)
(0.559969 0.209653 0.025334)
(0.564977 0.209642 0.025334)
(0.569985 0.209631 0.025334)
(0.574993 0.209619 0.025334)
(0.580001 0.209608 0.025334)
(0.585009 0.209597 0.025334)
(0.590017 0.209586 0.025334)
(0.595024 0.209575 0.025334)
(0.248989 0.21 0.025334)
(0.249989 0.21 0.025334)
(0.251062 0.21 0.025334)
(0.252212 0.21 0.025334)
(0.253446 0.210001 0.025334)
(0.254769 0.210001 0.025334)
(0.256188 0.210001 0.025334)
(0.25771 0.210001 0.025334)
(0.259342 0.210001 0.025334)
(0.261092 0.210001 0.025334)
(0.26297 0.210002 0.025334)
(0.264983 0.210002 0.025334)
(0.267143 0.210002 0.025334)
(0.269459 0.210002 0.025334)
(0.271943 0.210003 0.025334)
(0.274608 0.210003 0.025334)
(0.277465 0.210004 0.025334)
(0.28053 0.210004 0.025334)
(0.283817 0.210005 0.025334)
(0.287342 0.210005 0.025334)
(0.291123 0.210006 0.025334)
(0.295178 0.210006 0.025334)
(0.24899 0.19 0.025334)
(0.29518 0.190006 0.025334)
(0.291125 0.190005 0.025334)
(0.287344 0.190005 0.025334)
(0.283819 0.190004 0.025334)
(0.280532 0.190004 0.025334)
(0.277468 0.190003 0.025334)
(0.27461 0.190003 0.025334)
(0.271946 0.190003 0.025334)
(0.269462 0.190002 0.025334)
(0.267145 0.190002 0.025334)
(0.264985 0.190002 0.025334)
(0.262972 0.190001 0.025334)
(0.261094 0.190001 0.025334)
(0.259343 0.190001 0.025334)
(0.257711 0.190001 0.025334)
(0.256189 0.190001 0.025334)
(0.25477 0.19 0.025334)
(0.253447 0.19 0.025334)
(0.252213 0.19 0.025334)
(0.251063 0.19 0.025334)
(0.24999 0.19 0.025334)
(0.24899 0.195 0.025334)
(0.24899 0.2 0.025334)
(0.24899 0.205 0.025334)
(0.24999 0.195 0.025334)
(0.251062 0.195 0.025334)
(0.252213 0.195 0.025334)
(0.253446 0.195 0.025334)
(0.25477 0.195 0.025334)
(0.256189 0.195001 0.025334)
(0.257711 0.195001 0.025334)
(0.259343 0.195001 0.025334)
(0.261094 0.195001 0.025334)
(0.262971 0.195001 0.025334)
(0.264985 0.195002 0.025334)
(0.267145 0.195002 0.025334)
(0.269461 0.195002 0.025334)
(0.271945 0.195003 0.025334)
(0.274609 0.195003 0.025334)
(0.277467 0.195004 0.025334)
(0.280532 0.195004 0.025334)
(0.283818 0.195004 0.025334)
(0.287344 0.195005 0.025334)
(0.291124 0.195005 0.025334)
(0.295179 0.195006 0.025334)
(0.299528 0.195006 0.025334)
(0.304536 0.195007 0.025334)
(0.309543 0.195007 0.025334)
(0.314551 0.195007 0.025334)
(0.319559 0.195006 0.025334)
(0.324566 0.195006 0.025334)
(0.329574 0.195005 0.025334)
(0.334582 0.195004 0.025334)
(0.339589 0.195002 0.025334)
(0.344597 0.195001 0.025334)
(0.349604 0.194999 0.025334)
(0.354612 0.194996 0.025334)
(0.35962 0.194993 0.025334)
(0.364627 0.19499 0.025334)
(0.369635 0.194987 0.025334)
(0.374643 0.194983 0.025334)
(0.37965 0.194979 0.025334)
(0.384658 0.194974 0.025334)
(0.389666 0.194969 0.025334)
(0.394673 0.194964 0.025334)
(0.399681 0.194958 0.025334)
(0.404689 0.194952 0.025334)
(0.409697 0.194946 0.025334)
(0.414705 0.194939 0.025334)
(0.419712 0.194932 0.025334)
(0.42472 0.194924 0.025334)
(0.429728 0.194917 0.025334)
(0.434736 0.194909 0.025334)
(0.439744 0.1949 0.025334)
(0.444752 0.194892 0.025334)
(0.44976 0.194883 0.025334)
(0.454768 0.194874 0.025334)
(0.459776 0.194865 0.025334)
(0.464784 0.194855 0.025334)
(0.469792 0.194846 0.025334)
(0.4748 0.194836 0.025334)
(0.479808 0.194826 0.025334)
(0.484816 0.194816 0.025334)
(0.489824 0.194805 0.025334)
(0.494832 0.194795 0.025334)
(0.49984 0.194785 0.025334)
(0.504848 0.194774 0.025334)
(0.509856 0.194763 0.025334)
(0.514864 0.194752 0.025334)
(0.519872 0.194742 0.025334)
(0.52488 0.194731 0.025334)
(0.529888 0.19472 0.025334)
(0.534896 0.194709 0.025334)
(0.539904 0.194698 0.025334)
(0.544912 0.194687 0.025334)
(0.54992 0.194675 0.025334)
(0.554928 0.194664 0.025334)
(0.559936 0.194653 0.025334)
(0.564943 0.194642 0.025334)
(0.569951 0.194631 0.025334)
(0.574959 0.19462 0.025334)
(0.579967 0.194609 0.025334)
(0.584975 0.194597 0.025334)
(0.589983 0.194586 0.025334)
(0.594991 0.194575 0.025334)
(0.24999 0.2 0.025334)
(0.251062 0.2 0.025334)
(0.252213 0.2 0.025334)
(0.253446 0.2 0.025334)
(0.254769 0.2 0.025334)
(0.256188 0.200001 0.025334)
(0.25771 0.200001 0.025334)
(0.259343 0.200001 0.025334)
(0.261093 0.200001 0.025334)
(0.262971 0.200001 0.025334)
(0.264984 0.200002 0.025334)
(0.267144 0.200002 0.025334)
(0.26946 0.200002 0.025334)
(0.271945 0.200003 0.025334)
(0.274609 0.200003 0.025334)
(0.277466 0.200004 0.025334)
(0.280531 0.200004 0.025334)
(0.283818 0.200005 0.025334)
(0.287343 0.200005 0.025334)
(0.291124 0.200006 0.025334)
(0.295179 0.200006 0.025334)
(0.299528 0.200006 0.025334)
(0.304536 0.200007 0.025334)
(0.309543 0.200007 0.025334)
(0.314551 0.200007 0.025334)
(0.319559 0.200007 0.025334)
(0.324567 0.200006 0.025334)
(0.329575 0.200005 0.025334)
(0.334583 0.200004 0.025334)
(0.339591 0.200003 0.025334)
(0.344599 0.200001 0.025334)
(0.349607 0.199999 0.025334)
(0.354615 0.199996 0.025334)
(0.359623 0.199994 0.025334)
(0.364631 0.19999 0.025334)
(0.369639 0.199987 0.025334)
(0.374647 0.199983 0.025334)
(0.379655 0.199979 0.025334)
(0.384663 0.199974 0.025334)
(0.389671 0.199969 0.025334)
(0.394679 0.199964 0.025334)
(0.399687 0.199958 0.025334)
(0.404695 0.199952 0.025334)
(0.409703 0.199945 0.025334)
(0.414711 0.199939 0.025334)
(0.41972 0.199932 0.025334)
(0.424728 0.199924 0.025334)
(0.429736 0.199916 0.025334)
(0.434744 0.199908 0.025334)
(0.439752 0.1999 0.025334)
(0.444761 0.199892 0.025334)
(0.449769 0.199883 0.025334)
(0.454777 0.199874 0.025334)
(0.459785 0.199865 0.025334)
(0.464793 0.199855 0.025334)
(0.469801 0.199845 0.025334)
(0.47481 0.199836 0.025334)
(0.479818 0.199826 0.025334)
(0.484826 0.199815 0.025334)
(0.489834 0.199805 0.025334)
(0.494842 0.199795 0.025334)
(0.49985 0.199784 0.025334)
(0.504858 0.199774 0.025334)
(0.509866 0.199763 0.025334)
(0.514875 0.199752 0.025334)
(0.519883 0.199741 0.025334)
(0.524891 0.199731 0.025334)
(0.529899 0.19972 0.025334)
(0.534907 0.199709 0.025334)
(0.539915 0.199698 0.025334)
(0.544923 0.199686 0.025334)
(0.549931 0.199675 0.025334)
(0.554939 0.199664 0.025334)
(0.559947 0.199653 0.025334)
(0.564955 0.199642 0.025334)
(0.569963 0.199631 0.025334)
(0.57497 0.19962 0.025334)
(0.579978 0.199608 0.025334)
(0.584986 0.199597 0.025334)
(0.589994 0.199586 0.025334)
(0.595002 0.199575 0.025334)
(0.24999 0.205 0.025334)
(0.251062 0.205 0.025334)
(0.252212 0.205 0.025334)
(0.253446 0.205 0.025334)
(0.254769 0.205 0.025334)
(0.256188 0.205001 0.025334)
(0.25771 0.205001 0.025334)
(0.259342 0.205001 0.025334)
(0.261093 0.205001 0.025334)
(0.26297 0.205001 0.025334)
(0.264984 0.205002 0.025334)
(0.267144 0.205002 0.025334)
(0.26946 0.205002 0.025334)
(0.271944 0.205003 0.025334)
(0.274608 0.205003 0.025334)
(0.277466 0.205004 0.025334)
(0.28053 0.205004 0.025334)
(0.283817 0.205005 0.025334)
(0.287343 0.205005 0.025334)
(0.291123 0.205006 0.025334)
(0.295178 0.205006 0.025334)
(0.299527 0.205006 0.025334)
(0.304536 0.205007 0.025334)
(0.309544 0.205007 0.025334)
(0.314552 0.205007 0.025334)
(0.31956 0.205006 0.025334)
(0.324568 0.205006 0.025334)
(0.329576 0.205005 0.025334)
(0.334584 0.205004 0.025334)
(0.339593 0.205003 0.025334)
(0.344601 0.205001 0.025334)
(0.349609 0.204999 0.025334)
(0.354617 0.204996 0.025334)
(0.359626 0.204993 0.025334)
(0.364634 0.20499 0.025334)
(0.369642 0.204987 0.025334)
(0.374651 0.204983 0.025334)
(0.379659 0.204979 0.025334)
(0.384668 0.204974 0.025334)
(0.389676 0.204969 0.025334)
(0.394684 0.204963 0.025334)
(0.399693 0.204958 0.025334)
(0.404701 0.204952 0.025334)
(0.40971 0.204945 0.025334)
(0.414718 0.204938 0.025334)
(0.419727 0.204931 0.025334)
(0.424735 0.204924 0.025334)
(0.429744 0.204916 0.025334)
(0.434752 0.204908 0.025334)
(0.439761 0.2049 0.025334)
(0.444769 0.204891 0.025334)
(0.449778 0.204882 0.025334)
(0.454786 0.204873 0.025334)
(0.459794 0.204864 0.025334)
(0.464803 0.204855 0.025334)
(0.469811 0.204845 0.025334)
(0.474819 0.204835 0.025334)
(0.479828 0.204825 0.025334)
(0.484836 0.204815 0.025334)
(0.489844 0.204805 0.025334)
(0.494853 0.204795 0.025334)
(0.499861 0.204784 0.025334)
(0.504869 0.204773 0.025334)
(0.509877 0.204763 0.025334)
(0.514885 0.204752 0.025334)
(0.519893 0.204741 0.025334)
(0.524902 0.20473 0.025334)
(0.52991 0.204719 0.025334)
(0.534918 0.204708 0.025334)
(0.539926 0.204697 0.025334)
(0.544934 0.204686 0.025334)
(0.549942 0.204675 0.025334)
(0.55495 0.204664 0.025334)
(0.559958 0.204653 0.025334)
(0.564966 0.204642 0.025334)
(0.569974 0.204631 0.025334)
(0.574982 0.20462 0.025334)
(0.57999 0.204608 0.025334)
(0.584997 0.204597 0.025334)
(0.590005 0.204586 0.025334)
(0.595013 0.204575 0.025334)
(0.299527 0.210006 -0.025334)
(0.299528 0.190006 -0.025334)
(0.599988 0.189564 -0.025334)
(0.59498 0.189575 -0.025334)
(0.589972 0.189586 -0.025334)
(0.584964 0.189597 -0.025334)
(0.579956 0.189609 -0.025334)
(0.574948 0.18962 -0.025334)
(0.56994 0.189631 -0.025334)
(0.564932 0.189642 -0.025334)
(0.559924 0.189653 -0.025334)
(0.554917 0.189664 -0.025334)
(0.549909 0.189676 -0.025334)
(0.544901 0.189687 -0.025334)
(0.539893 0.189698 -0.025334)
(0.534885 0.189709 -0.025334)
(0.529877 0.18972 -0.025334)
(0.524869 0.189731 -0.025334)
(0.519861 0.189742 -0.025334)
(0.514853 0.189753 -0.025334)
(0.509845 0.189763 -0.025334)
(0.504837 0.189774 -0.025334)
(0.499829 0.189785 -0.025334)
(0.494821 0.189795 -0.025334)
(0.489814 0.189806 -0.025334)
(0.484806 0.189816 -0.025334)
(0.479798 0.189826 -0.025334)
(0.47479 0.189836 -0.025334)
(0.469782 0.189846 -0.025334)
(0.464774 0.189855 -0.025334)
(0.459767 0.189865 -0.025334)
(0.454759 0.189874 -0.025334)
(0.449751 0.189883 -0.025334)
(0.444743 0.189892 -0.025334)
(0.439736 0.1899 -0.025334)
(0.434728 0.189909 -0.025334)
(0.42972 0.189917 -0.025334)
(0.424713 0.189924 -0.025334)
(0.419705 0.189932 -0.025334)
(0.414698 0.189939 -0.025334)
(0.40969 0.189945 -0.025334)
(0.404683 0.189952 -0.025334)
(0.399675 0.189958 -0.025334)
(0.394668 0.189964 -0.025334)
(0.38966 0.189969 -0.025334)
(0.384653 0.189974 -0.025334)
(0.379646 0.189978 -0.025334)
(0.374638 0.189983 -0.025334)
(0.369631 0.189987 -0.025334)
(0.364624 0.18999 -0.025334)
(0.359617 0.189993 -0.025334)
(0.354609 0.189996 -0.025334)
(0.349602 0.189998 -0.025334)
(0.344595 0.19 -0.025334)
(0.339588 0.190002 -0.025334)
(0.33458 0.190004 -0.025334)
(0.329573 0.190005 -0.025334)
(0.324566 0.190006 -0.025334)
(0.319558 0.190006 -0.025334)
(0.314551 0.190006 -0.025334)
(0.309543 0.190007 -0.025334)
(0.304536 0.190006 -0.025334)
(0.60001 0.199564 -0.025334)
(0.599999 0.194564 -0.025334)
(0.600032 0.209564 -0.025334)
(0.600021 0.204564 -0.025334)
(0.304535 0.210007 -0.025334)
(0.309544 0.210007 -0.025334)
(0.314552 0.210007 -0.025334)
(0.31956 0.210006 -0.025334)
(0.324569 0.210006 -0.025334)
(0.329577 0.210005 -0.025334)
(0.334586 0.210004 -0.025334)
(0.339594 0.210002 -0.025334)
(0.344603 0.21 -0.025334)
(0.349611 0.209998 -0.025334)
(0.35462 0.209996 -0.025334)
(0.359629 0.209993 -0.025334)
(0.364637 0.20999 -0.025334)
(0.369646 0.209986 -0.025334)
(0.374655 0.209982 -0.025334)
(0.379664 0.209978 -0.025334)
(0.384672 0.209973 -0.025334)
(0.389681 0.209968 -0.025334)
(0.39469 0.209963 -0.025334)
(0.399699 0.209957 -0.025334)
(0.404708 0.209951 -0.025334)
(0.409716 0.209945 -0.025334)
(0.414725 0.209938 -0.025334)
(0.419734 0.209931 -0.025334)
(0.424743 0.209923 -0.025334)
(0.429752 0.209916 -0.025334)
(0.43476 0.209908 -0.025334)
(0.439769 0.209899 -0.025334)
(0.444778 0.209891 -0.025334)
(0.449786 0.209882 -0.025334)
(0.454795 0.209873 -0.025334)
(0.459804 0.209864 -0.025334)
(0.464812 0.209854 -0.025334)
(0.469821 0.209845 -0.025334)
(0.474829 0.209835 -0.025334)
(0.479838 0.209825 -0.025334)
(0.484846 0.209815 -0.025334)
(0.489855 0.209805 -0.025334)
(0.494863 0.209794 -0.025334)
(0.499871 0.209784 -0.025334)
(0.50488 0.209773 -0.025334)
(0.509888 0.209762 -0.025334)
(0.514896 0.209752 -0.025334)
(0.519904 0.209741 -0.025334)
(0.524912 0.20973 -0.025334)
(0.529921 0.209719 -0.025334)
(0.534929 0.209708 -0.025334)
(0.539937 0.209697 -0.025334)
(0.544945 0.209686 -0.025334)
(0.549953 0.209675 -0.025334)
(0.554961 0.209664 -0.025334)
(0.559969 0.209653 -0.025334)
(0.564977 0.209642 -0.025334)
(0.569985 0.209631 -0.025334)
(0.574993 0.209619 -0.025334)
(0.580001 0.209608 -0.025334)
(0.585009 0.209597 -0.025334)
(0.590017 0.209586 -0.025334)
(0.595024 0.209575 -0.025334)
(0.248989 0.21 -0.025334)
(0.249989 0.21 -0.025334)
(0.251062 0.21 -0.025334)
(0.252212 0.21 -0.025334)
(0.253446 0.210001 -0.025334)
(0.254769 0.210001 -0.025334)
(0.256188 0.210001 -0.025334)
(0.25771 0.210001 -0.025334)
(0.259342 0.210001 -0.025334)
(0.261092 0.210001 -0.025334)
(0.26297 0.210002 -0.025334)
(0.264983 0.210002 -0.025334)
(0.267143 0.210002 -0.025334)
(0.269459 0.210002 -0.025334)
(0.271943 0.210003 -0.025334)
(0.274608 0.210003 -0.025334)
(0.277465 0.210004 -0.025334)
(0.28053 0.210004 -0.025334)
(0.283817 0.210005 -0.025334)
(0.287342 0.210005 -0.025334)
(0.291123 0.210006 -0.025334)
(0.295178 0.210006 -0.025334)
(0.24899 0.19 -0.025334)
(0.29518 0.190006 -0.025334)
(0.291125 0.190005 -0.025334)
(0.287344 0.190005 -0.025334)
(0.283819 0.190004 -0.025334)
(0.280532 0.190004 -0.025334)
(0.277468 0.190003 -0.025334)
(0.27461 0.190003 -0.025334)
(0.271946 0.190003 -0.025334)
(0.269462 0.190002 -0.025334)
(0.267145 0.190002 -0.025334)
(0.264985 0.190002 -0.025334)
(0.262972 0.190001 -0.025334)
(0.261094 0.190001 -0.025334)
(0.259343 0.190001 -0.025334)
(0.257711 0.190001 -0.025334)
(0.256189 0.190001 -0.025334)
(0.25477 0.19 -0.025334)
(0.253447 0.19 -0.025334)
(0.252213 0.19 -0.025334)
(0.251063 0.19 -0.025334)
(0.24999 0.19 -0.025334)
(0.24899 0.195 -0.025334)
(0.24899 0.2 -0.025334)
(0.24899 0.205 -0.025334)
(0.24999 0.195 -0.025334)
(0.251062 0.195 -0.025334)
(0.252213 0.195 -0.025334)
(0.253446 0.195 -0.025334)
(0.25477 0.195 -0.025334)
(0.256189 0.195001 -0.025334)
(0.257711 0.195001 -0.025334)
(0.259343 0.195001 -0.025334)
(0.261094 0.195001 -0.025334)
(0.262971 0.195001 -0.025334)
(0.264985 0.195002 -0.025334)
(0.267145 0.195002 -0.025334)
(0.269461 0.195002 -0.025334)
(0.271945 0.195003 -0.025334)
(0.274609 0.195003 -0.025334)
(0.277467 0.195004 -0.025334)
(0.280532 0.195004 -0.025334)
(0.283818 0.195004 -0.025334)
(0.287344 0.195005 -0.025334)
(0.291124 0.195005 -0.025334)
(0.295179 0.195006 -0.025334)
(0.299528 0.195006 -0.025334)
(0.304536 0.195007 -0.025334)
(0.309543 0.195007 -0.025334)
(0.314551 0.195007 -0.025334)
(0.319559 0.195006 -0.025334)
(0.324566 0.195006 -0.025334)
(0.329574 0.195005 -0.025334)
(0.334582 0.195004 -0.025334)
(0.339589 0.195002 -0.025334)
(0.344597 0.195001 -0.025334)
(0.349604 0.194999 -0.025334)
(0.354612 0.194996 -0.025334)
(0.35962 0.194993 -0.025334)
(0.364627 0.19499 -0.025334)
(0.369635 0.194987 -0.025334)
(0.374643 0.194983 -0.025334)
(0.37965 0.194979 -0.025334)
(0.384658 0.194974 -0.025334)
(0.389666 0.194969 -0.025334)
(0.394673 0.194964 -0.025334)
(0.399681 0.194958 -0.025334)
(0.404689 0.194952 -0.025334)
(0.409697 0.194946 -0.025334)
(0.414705 0.194939 -0.025334)
(0.419712 0.194932 -0.025334)
(0.42472 0.194924 -0.025334)
(0.429728 0.194917 -0.025334)
(0.434736 0.194909 -0.025334)
(0.439744 0.1949 -0.025334)
(0.444752 0.194892 -0.025334)
(0.44976 0.194883 -0.025334)
(0.454768 0.194874 -0.025334)
(0.459776 0.194865 -0.025334)
(0.464784 0.194855 -0.025334)
(0.469792 0.194846 -0.025334)
(0.4748 0.194836 -0.025334)
(0.479808 0.194826 -0.025334)
(0.484816 0.194816 -0.025334)
(0.489824 0.194805 -0.025334)
(0.494832 0.194795 -0.025334)
(0.49984 0.194785 -0.025334)
(0.504848 0.194774 -0.025334)
(0.509856 0.194763 -0.025334)
(0.514864 0.194752 -0.025334)
(0.519872 0.194742 -0.025334)
(0.52488 0.194731 -0.025334)
(0.529888 0.19472 -0.025334)
(0.534896 0.194709 -0.025334)
(0.539904 0.194698 -0.025334)
(0.544912 0.194687 -0.025334)
(0.54992 0.194675 -0.025334)
(0.554928 0.194664 -0.025334)
(0.559936 0.194653 -0.025334)
(0.564943 0.194642 -0.025334)
(0.569951 0.194631 -0.025334)
(0.574959 0.19462 -0.025334)
(0.579967 0.194609 -0.025334)
(0.584975 0.194597 -0.025334)
(0.589983 0.194586 -0.025334)
(0.594991 0.194575 -0.025334)
(0.24999 0.2 -0.025334)
(0.251062 0.2 -0.025334)
(0.252213 0.2 -0.025334)
(0.253446 0.2 -0.025334)
(0.254769 0.2 -0.025334)
(0.256188 0.200001 -0.025334)
(0.25771 0.200001 -0.025334)
(0.259343 0.200001 -0.025334)
(0.261093 0.200001 -0.025334)
(0.262971 0.200001 -0.025334)
(0.264984 0.200002 -0.025334)
(0.267144 0.200002 -0.025334)
(0.26946 0.200002 -0.025334)
(0.271945 0.200003 -0.025334)
(0.274609 0.200003 -0.025334)
(0.277466 0.200004 -0.025334)
(0.280531 0.200004 -0.025334)
(0.283818 0.200005 -0.025334)
(0.287343 0.200005 -0.025334)
(0.291124 0.200006 -0.025334)
(0.295179 0.200006 -0.025334)
(0.299528 0.200006 -0.025334)
(0.304536 0.200007 -0.025334)
(0.309543 0.200007 -0.025334)
(0.314551 0.200007 -0.025334)
(0.319559 0.200007 -0.025334)
(0.324567 0.200006 -0.025334)
(0.329575 0.200005 -0.025334)
(0.334583 0.200004 -0.025334)
(0.339591 0.200003 -0.025334)
(0.344599 0.200001 -0.025334)
(0.349607 0.199999 -0.025334)
(0.354615 0.199996 -0.025334)
(0.359623 0.199994 -0.025334)
(0.364631 0.19999 -0.025334)
(0.369639 0.199987 -0.025334)
(0.374647 0.199983 -0.025334)
(0.379655 0.199979 -0.025334)
(0.384663 0.199974 -0.025334)
(0.389671 0.199969 -0.025334)
(0.394679 0.199964 -0.025334)
(0.399687 0.199958 -0.025334)
(0.404695 0.199952 -0.025334)
(0.409703 0.199945 -0.025334)
(0.414711 0.199939 -0.025334)
(0.41972 0.199932 -0.025334)
(0.424728 0.199924 -0.025334)
(0.429736 0.199916 -0.025334)
(0.434744 0.199908 -0.025334)
(0.439752 0.1999 -0.025334)
(0.444761 0.199892 -0.025334)
(0.449769 0.199883 -0.025334)
(0.454777 0.199874 -0.025334)
(0.459785 0.199865 -0.025334)
(0.464793 0.199855 -0.025334)
(0.469801 0.199845 -0.025334)
(0.47481 0.199836 -0.025334)
(0.479818 0.199826 -0.025334)
(0.484826 0.199815 -0.025334)
(0.489834 0.199805 -0.025334)
(0.494842 0.199795 -0.025334)
(0.49985 0.199784 -0.025334)
(0.504858 0.199774 -0.025334)
(0.509866 0.199763 -0.025334)
(0.514875 0.199752 -0.025334)
(0.519883 0.199741 -0.025334)
(0.524891 0.199731 -0.025334)
(0.529899 0.19972 -0.025334)
(0.534907 0.199709 -0.025334)
(0.539915 0.199698 -0.025334)
(0.544923 0.199686 -0.025334)
(0.549931 0.199675 -0.025334)
(0.554939 0.199664 -0.025334)
(0.559947 0.199653 -0.025334)
(0.564955 0.199642 -0.025334)
(0.569963 0.199631 -0.025334)
(0.57497 0.19962 -0.025334)
(0.579978 0.199608 -0.025334)
(0.584986 0.199597 -0.025334)
(0.589994 0.199586 -0.025334)
(0.595002 0.199575 -0.025334)
(0.24999 0.205 -0.025334)
(0.251062 0.205 -0.025334)
(0.252212 0.205 -0.025334)
(0.253446 0.205 -0.025334)
(0.254769 0.205 -0.025334)
(0.256188 0.205001 -0.025334)
(0.25771 0.205001 -0.025334)
(0.259342 0.205001 -0.025334)
(0.261093 0.205001 -0.025334)
(0.26297 0.205001 -0.025334)
(0.264984 0.205002 -0.025334)
(0.267144 0.205002 -0.025334)
(0.26946 0.205002 -0.025334)
(0.271944 0.205003 -0.025334)
(0.274608 0.205003 -0.025334)
(0.277466 0.205004 -0.025334)
(0.28053 0.205004 -0.025334)
(0.283817 0.205005 -0.025334)
(0.287343 0.205005 -0.025334)
(0.291123 0.205006 -0.025334)
(0.295178 0.205006 -0.025334)
(0.299527 0.205006 -0.025334)
(0.304536 0.205007 -0.025334)
(0.309544 0.205007 -0.025334)
(0.314552 0.205007 -0.025334)
(0.31956 0.205006 -0.025334)
(0.324568 0.205006 -0.025334)
(0.329576 0.205005 -0.025334)
(0.334584 0.205004 -0.025334)
(0.339593 0.205003 -0.025334)
(0.344601 0.205001 -0.025334)
(0.349609 0.204999 -0.025334)
(0.354617 0.204996 -0.025334)
(0.359626 0.204993 -0.025334)
(0.364634 0.20499 -0.025334)
(0.369642 0.204987 -0.025334)
(0.374651 0.204983 -0.025334)
(0.379659 0.204979 -0.025334)
(0.384668 0.204974 -0.025334)
(0.389676 0.204969 -0.025334)
(0.394684 0.204963 -0.025334)
(0.399693 0.204958 -0.025334)
(0.404701 0.204952 -0.025334)
(0.40971 0.204945 -0.025334)
(0.414718 0.204938 -0.025334)
(0.419727 0.204931 -0.025334)
(0.424735 0.204924 -0.025334)
(0.429744 0.204916 -0.025334)
(0.434752 0.204908 -0.025334)
(0.439761 0.2049 -0.025334)
(0.444769 0.204891 -0.025334)
(0.449778 0.204882 -0.025334)
(0.454786 0.204873 -0.025334)
(0.459794 0.204864 -0.025334)
(0.464803 0.204855 -0.025334)
(0.469811 0.204845 -0.025334)
(0.474819 0.204835 -0.025334)
(0.479828 0.204825 -0.025334)
(0.484836 0.204815 -0.025334)
(0.489844 0.204805 -0.025334)
(0.494853 0.204795 -0.025334)
(0.499861 0.204784 -0.025334)
(0.504869 0.204773 -0.025334)
(0.509877 0.204763 -0.025334)
(0.514885 0.204752 -0.025334)
(0.519893 0.204741 -0.025334)
(0.524902 0.20473 -0.025334)
(0.52991 0.204719 -0.025334)
(0.534918 0.204708 -0.025334)
(0.539926 0.204697 -0.025334)
(0.544934 0.204686 -0.025334)
(0.549942 0.204675 -0.025334)
(0.55495 0.204664 -0.025334)
(0.559958 0.204653 -0.025334)
(0.564966 0.204642 -0.025334)
(0.569974 0.204631 -0.025334)
(0.574982 0.20462 -0.025334)
(0.57999 0.204608 -0.025334)
(0.584997 0.204597 -0.025334)
(0.590005 0.204586 -0.025334)
(0.595013 0.204575 -0.025334)
)


// ************************************************************************* //
