/*--------------------------------*- C++ -*----------------------------------*\
| =========                 |                                                 |
| \\      /  F ield         | OpenFOAM Extend Project: Open source CFD        |
|  \\    /   O peration     | Version:  1.6-ext                               |
|   \\  /    A nd           | Web:      www.extend-project.de                 |
|    \\/     M anipulation  |                                                 |
\*---------------------------------------------------------------------------*/
FoamFile
{
    version     2.0;
    format      ascii;
    class       vectorField;
    location    "1/polyMesh";
    object      points;
}
// * * * * * * * * * * * * * * * * * * * * * * * * * * * * * * * * * * * * * //


830
(
(0.299504 0.210059 0.025334)
(0.299547 0.190059 0.025334)
(0.600044 0.191394 0.025334)
(0.595036 0.191368 0.025334)
(0.590028 0.191343 0.025334)
(0.58502 0.191318 0.025334)
(0.580012 0.191293 0.025334)
(0.575004 0.191268 0.025334)
(0.569996 0.191242 0.025334)
(0.564989 0.191217 0.025334)
(0.559981 0.191192 0.025334)
(0.554973 0.191167 0.025334)
(0.549965 0.191142 0.025334)
(0.544957 0.191116 0.025334)
(0.539949 0.191091 0.025334)
(0.534941 0.191066 0.025334)
(0.529934 0.191041 0.025334)
(0.524926 0.191016 0.025334)
(0.519918 0.190991 0.025334)
(0.51491 0.190965 0.025334)
(0.509902 0.19094 0.025334)
(0.504894 0.190915 0.025334)
(0.499886 0.19089 0.025334)
(0.494878 0.190865 0.025334)
(0.48987 0.19084 0.025334)
(0.484862 0.190815 0.025334)
(0.479854 0.19079 0.025334)
(0.474846 0.190765 0.025334)
(0.469838 0.19074 0.025334)
(0.46483 0.190716 0.025334)
(0.459822 0.190691 0.025334)
(0.454814 0.190667 0.025334)
(0.449806 0.190642 0.025334)
(0.444798 0.190618 0.025334)
(0.43979 0.190594 0.025334)
(0.434782 0.19057 0.025334)
(0.429774 0.190546 0.025334)
(0.424766 0.190522 0.025334)
(0.419757 0.190499 0.025334)
(0.414749 0.190476 0.025334)
(0.409741 0.190453 0.025334)
(0.404733 0.19043 0.025334)
(0.399724 0.190408 0.025334)
(0.394716 0.190386 0.025334)
(0.389707 0.190364 0.025334)
(0.384699 0.190342 0.025334)
(0.37969 0.190321 0.025334)
(0.374682 0.190301 0.025334)
(0.369673 0.190281 0.025334)
(0.364664 0.190261 0.025334)
(0.359656 0.190242 0.025334)
(0.354647 0.190223 0.025334)
(0.349638 0.190205 0.025334)
(0.344629 0.190187 0.025334)
(0.33962 0.19017 0.025334)
(0.334611 0.190153 0.025334)
(0.329602 0.190138 0.025334)
(0.324593 0.190123 0.025334)
(0.319584 0.190108 0.025334)
(0.314575 0.190095 0.025334)
(0.309566 0.190082 0.025334)
(0.304556 0.19007 0.025334)
(0.599993 0.201393 0.025334)
(0.600018 0.196393 0.025334)
(0.599943 0.211393 0.025334)
(0.599968 0.206393 0.025334)
(0.30451 0.210071 0.025334)
(0.309516 0.210082 0.025334)
(0.314523 0.210095 0.025334)
(0.319529 0.210109 0.025334)
(0.324535 0.210123 0.025334)
(0.329541 0.210138 0.025334)
(0.334548 0.210154 0.025334)
(0.339554 0.21017 0.025334)
(0.34456 0.210187 0.025334)
(0.349567 0.210205 0.025334)
(0.354574 0.210223 0.025334)
(0.35958 0.210242 0.025334)
(0.364587 0.210261 0.025334)
(0.369594 0.210281 0.025334)
(0.374601 0.210301 0.025334)
(0.379608 0.210322 0.025334)
(0.384615 0.210343 0.025334)
(0.389622 0.210364 0.025334)
(0.394629 0.210386 0.025334)
(0.399636 0.210408 0.025334)
(0.404643 0.21043 0.025334)
(0.40965 0.210453 0.025334)
(0.414657 0.210476 0.025334)
(0.419665 0.210499 0.025334)
(0.424672 0.210522 0.025334)
(0.429679 0.210546 0.025334)
(0.434687 0.21057 0.025334)
(0.439694 0.210594 0.025334)
(0.444702 0.210618 0.025334)
(0.449709 0.210642 0.025334)
(0.454717 0.210666 0.025334)
(0.459724 0.210691 0.025334)
(0.464732 0.210716 0.025334)
(0.46974 0.21074 0.025334)
(0.474747 0.210765 0.025334)
(0.479755 0.21079 0.025334)
(0.484763 0.210815 0.025334)
(0.489771 0.21084 0.025334)
(0.494778 0.210865 0.025334)
(0.499786 0.21089 0.025334)
(0.504794 0.210915 0.025334)
(0.509802 0.21094 0.025334)
(0.51481 0.210965 0.025334)
(0.519817 0.21099 0.025334)
(0.524825 0.211015 0.025334)
(0.529833 0.21104 0.025334)
(0.534841 0.211066 0.025334)
(0.539849 0.211091 0.025334)
(0.544857 0.211116 0.025334)
(0.549864 0.211141 0.025334)
(0.554872 0.211166 0.025334)
(0.55988 0.211192 0.025334)
(0.564888 0.211217 0.025334)
(0.569896 0.211242 0.025334)
(0.574904 0.211267 0.025334)
(0.579912 0.211292 0.025334)
(0.584919 0.211318 0.025334)
(0.589927 0.211343 0.025334)
(0.594935 0.211368 0.025334)
(0.248989 0.210001 0.025334)
(0.249989 0.210001 0.025334)
(0.251061 0.210001 0.025334)
(0.252211 0.210002 0.025334)
(0.253444 0.210002 0.025334)
(0.254766 0.210003 0.025334)
(0.256185 0.210003 0.025334)
(0.257706 0.210004 0.025334)
(0.259337 0.210005 0.025334)
(0.261087 0.210005 0.025334)
(0.262964 0.210007 0.025334)
(0.264976 0.210008 0.025334)
(0.267135 0.21001 0.025334)
(0.26945 0.210012 0.025334)
(0.271933 0.210015 0.025334)
(0.274596 0.210018 0.025334)
(0.277452 0.210021 0.025334)
(0.280516 0.210025 0.025334)
(0.283801 0.21003 0.025334)
(0.287325 0.210036 0.025334)
(0.291104 0.210043 0.025334)
(0.295157 0.21005 0.025334)
(0.24899 0.19 0.025334)
(0.295197 0.19005 0.025334)
(0.29114 0.190042 0.025334)
(0.287358 0.190035 0.025334)
(0.283832 0.190029 0.025334)
(0.280544 0.190024 0.025334)
(0.277478 0.19002 0.025334)
(0.274619 0.190017 0.025334)
(0.271954 0.190014 0.025334)
(0.269469 0.190011 0.025334)
(0.267152 0.190009 0.025334)
(0.264991 0.190007 0.025334)
(0.262977 0.190006 0.025334)
(0.261098 0.190005 0.025334)
(0.259347 0.190004 0.025334)
(0.257714 0.190003 0.025334)
(0.256191 0.190002 0.025334)
(0.254772 0.190002 0.025334)
(0.253448 0.190001 0.025334)
(0.252214 0.190001 0.025334)
(0.251063 0.190001 0.025334)
(0.249991 0.190001 0.025334)
(0.24899 0.195 0.025334)
(0.24899 0.2 0.025334)
(0.24899 0.205 0.025334)
(0.24999 0.195 0.025334)
(0.251063 0.195 0.025334)
(0.252213 0.195 0.025334)
(0.253447 0.195001 0.025334)
(0.25477 0.195001 0.025334)
(0.25619 0.195001 0.025334)
(0.257712 0.195002 0.025334)
(0.259345 0.195003 0.025334)
(0.261095 0.195004 0.025334)
(0.262973 0.195005 0.025334)
(0.264987 0.195006 0.025334)
(0.267148 0.195008 0.025334)
(0.269464 0.19501 0.025334)
(0.271949 0.195013 0.025334)
(0.274614 0.195016 0.025334)
(0.277472 0.19502 0.025334)
(0.280537 0.195024 0.025334)
(0.283824 0.195029 0.025334)
(0.28735 0.195034 0.025334)
(0.291131 0.195041 0.025334)
(0.295187 0.195049 0.025334)
(0.299536 0.195058 0.025334)
(0.304545 0.195069 0.025334)
(0.309553 0.195081 0.025334)
(0.314562 0.195094 0.025334)
(0.31957 0.195108 0.025334)
(0.324579 0.195122 0.025334)
(0.329587 0.195137 0.025334)
(0.334595 0.195153 0.025334)
(0.339604 0.195169 0.025334)
(0.344612 0.195187 0.025334)
(0.34962 0.195204 0.025334)
(0.354629 0.195222 0.025334)
(0.359637 0.195241 0.025334)
(0.364645 0.19526 0.025334)
(0.369653 0.19528 0.025334)
(0.374661 0.1953 0.025334)
(0.37967 0.195321 0.025334)
(0.384678 0.195342 0.025334)
(0.389686 0.195364 0.025334)
(0.394694 0.195385 0.025334)
(0.399702 0.195407 0.025334)
(0.40471 0.19543 0.025334)
(0.409718 0.195452 0.025334)
(0.414726 0.195475 0.025334)
(0.419734 0.195499 0.025334)
(0.424742 0.195522 0.025334)
(0.42975 0.195546 0.025334)
(0.434758 0.19557 0.025334)
(0.439766 0.195594 0.025334)
(0.444774 0.195618 0.025334)
(0.449782 0.195642 0.025334)
(0.45479 0.195666 0.025334)
(0.459798 0.195691 0.025334)
(0.464806 0.195716 0.025334)
(0.469814 0.19574 0.025334)
(0.474822 0.195765 0.025334)
(0.47983 0.19579 0.025334)
(0.484837 0.195815 0.025334)
(0.489845 0.19584 0.025334)
(0.494853 0.195865 0.025334)
(0.499861 0.19589 0.025334)
(0.504869 0.195915 0.025334)
(0.509877 0.19594 0.025334)
(0.514885 0.195965 0.025334)
(0.519893 0.19599 0.025334)
(0.524901 0.196016 0.025334)
(0.529908 0.196041 0.025334)
(0.534916 0.196066 0.025334)
(0.539924 0.196091 0.025334)
(0.544932 0.196116 0.025334)
(0.54994 0.196141 0.025334)
(0.554948 0.196167 0.025334)
(0.559956 0.196192 0.025334)
(0.564963 0.196217 0.025334)
(0.569971 0.196242 0.025334)
(0.574979 0.196267 0.025334)
(0.579987 0.196293 0.025334)
(0.584995 0.196318 0.025334)
(0.590003 0.196343 0.025334)
(0.59501 0.196368 0.025334)
(0.24999 0.2 0.025334)
(0.251062 0.2 0.025334)
(0.252212 0.2 0.025334)
(0.253446 0.2 0.025334)
(0.254769 0.200001 0.025334)
(0.256188 0.200001 0.025334)
(0.25771 0.200002 0.025334)
(0.259342 0.200003 0.025334)
(0.261093 0.200004 0.025334)
(0.26297 0.200005 0.025334)
(0.264984 0.200006 0.025334)
(0.267143 0.200008 0.025334)
(0.26946 0.20001 0.025334)
(0.271944 0.200013 0.025334)
(0.274608 0.200016 0.025334)
(0.277465 0.200019 0.025334)
(0.28053 0.200024 0.025334)
(0.283817 0.200029 0.025334)
(0.287342 0.200034 0.025334)
(0.291122 0.200041 0.025334)
(0.295177 0.200049 0.025334)
(0.299526 0.200058 0.025334)
(0.304533 0.200069 0.025334)
(0.309541 0.200081 0.025334)
(0.314549 0.200094 0.025334)
(0.319556 0.200108 0.025334)
(0.324564 0.200122 0.025334)
(0.329572 0.200137 0.025334)
(0.334579 0.200153 0.025334)
(0.339587 0.200169 0.025334)
(0.344595 0.200186 0.025334)
(0.349603 0.200204 0.025334)
(0.35461 0.200222 0.025334)
(0.359618 0.200241 0.025334)
(0.364626 0.20026 0.025334)
(0.369633 0.20028 0.025334)
(0.374641 0.2003 0.025334)
(0.379649 0.200321 0.025334)
(0.384657 0.200342 0.025334)
(0.389664 0.200363 0.025334)
(0.394672 0.200385 0.025334)
(0.39968 0.200407 0.025334)
(0.404688 0.20043 0.025334)
(0.409695 0.200452 0.025334)
(0.414703 0.200475 0.025334)
(0.419711 0.200499 0.025334)
(0.424719 0.200522 0.025334)
(0.429727 0.200546 0.025334)
(0.434734 0.200569 0.025334)
(0.439742 0.200593 0.025334)
(0.44475 0.200618 0.025334)
(0.449758 0.200642 0.025334)
(0.454766 0.200666 0.025334)
(0.459773 0.200691 0.025334)
(0.464781 0.200716 0.025334)
(0.469789 0.20074 0.025334)
(0.474797 0.200765 0.025334)
(0.479805 0.20079 0.025334)
(0.484813 0.200815 0.025334)
(0.48982 0.20084 0.025334)
(0.494828 0.200865 0.025334)
(0.499836 0.20089 0.025334)
(0.504844 0.200915 0.025334)
(0.509852 0.20094 0.025334)
(0.51486 0.200965 0.025334)
(0.519868 0.20099 0.025334)
(0.524875 0.201015 0.025334)
(0.529883 0.201041 0.025334)
(0.534891 0.201066 0.025334)
(0.539899 0.201091 0.025334)
(0.544907 0.201116 0.025334)
(0.549915 0.201141 0.025334)
(0.554923 0.201167 0.025334)
(0.55993 0.201192 0.025334)
(0.564938 0.201217 0.025334)
(0.569946 0.201242 0.025334)
(0.574954 0.201267 0.025334)
(0.579962 0.201293 0.025334)
(0.58497 0.201318 0.025334)
(0.589977 0.201343 0.025334)
(0.594985 0.201368 0.025334)
(0.24999 0.205 0.025334)
(0.251062 0.205 0.025334)
(0.252212 0.205001 0.025334)
(0.253445 0.205001 0.025334)
(0.254768 0.205001 0.025334)
(0.256186 0.205002 0.025334)
(0.257708 0.205002 0.025334)
(0.25934 0.205003 0.025334)
(0.26109 0.205004 0.025334)
(0.262967 0.205005 0.025334)
(0.26498 0.205007 0.025334)
(0.267139 0.205009 0.025334)
(0.269455 0.205011 0.025334)
(0.271938 0.205013 0.025334)
(0.274602 0.205016 0.025334)
(0.277459 0.20502 0.025334)
(0.280523 0.205024 0.025334)
(0.283809 0.205029 0.025334)
(0.287333 0.205035 0.025334)
(0.291113 0.205042 0.025334)
(0.295167 0.205049 0.025334)
(0.299515 0.205058 0.025334)
(0.304522 0.20507 0.025334)
(0.309529 0.205082 0.025334)
(0.314536 0.205094 0.025334)
(0.319543 0.205108 0.025334)
(0.32455 0.205122 0.025334)
(0.329557 0.205138 0.025334)
(0.334564 0.205153 0.025334)
(0.339571 0.20517 0.025334)
(0.344578 0.205187 0.025334)
(0.349585 0.205204 0.025334)
(0.354592 0.205223 0.025334)
(0.359599 0.205241 0.025334)
(0.364606 0.205261 0.025334)
(0.369614 0.20528 0.025334)
(0.374621 0.205301 0.025334)
(0.379628 0.205321 0.025334)
(0.384636 0.205342 0.025334)
(0.389643 0.205364 0.025334)
(0.39465 0.205385 0.025334)
(0.399658 0.205407 0.025334)
(0.404665 0.20543 0.025334)
(0.409673 0.205453 0.025334)
(0.41468 0.205475 0.025334)
(0.419688 0.205499 0.025334)
(0.424695 0.205522 0.025334)
(0.429703 0.205546 0.025334)
(0.434711 0.20557 0.025334)
(0.439718 0.205594 0.025334)
(0.444726 0.205618 0.025334)
(0.449734 0.205642 0.025334)
(0.454741 0.205666 0.025334)
(0.459749 0.205691 0.025334)
(0.464757 0.205716 0.025334)
(0.469764 0.20574 0.025334)
(0.474772 0.205765 0.025334)
(0.47978 0.20579 0.025334)
(0.484788 0.205815 0.025334)
(0.489796 0.20584 0.025334)
(0.494803 0.205865 0.025334)
(0.499811 0.20589 0.025334)
(0.504819 0.205915 0.025334)
(0.509827 0.20594 0.025334)
(0.514835 0.205965 0.025334)
(0.519842 0.20599 0.025334)
(0.52485 0.206015 0.025334)
(0.529858 0.206041 0.025334)
(0.534866 0.206066 0.025334)
(0.539874 0.206091 0.025334)
(0.544882 0.206116 0.025334)
(0.54989 0.206141 0.025334)
(0.554897 0.206166 0.025334)
(0.559905 0.206192 0.025334)
(0.564913 0.206217 0.025334)
(0.569921 0.206242 0.025334)
(0.574929 0.206267 0.025334)
(0.579937 0.206292 0.025334)
(0.584944 0.206318 0.025334)
(0.589952 0.206343 0.025334)
(0.59496 0.206368 0.025334)
(0.299504 0.210059 -0.025334)
(0.299547 0.190059 -0.025334)
(0.600044 0.191394 -0.025334)
(0.595036 0.191368 -0.025334)
(0.590028 0.191343 -0.025334)
(0.58502 0.191318 -0.025334)
(0.580012 0.191293 -0.025334)
(0.575004 0.191268 -0.025334)
(0.569996 0.191242 -0.025334)
(0.564989 0.191217 -0.025334)
(0.559981 0.191192 -0.025334)
(0.554973 0.191167 -0.025334)
(0.549965 0.191142 -0.025334)
(0.544957 0.191116 -0.025334)
(0.539949 0.191091 -0.025334)
(0.534941 0.191066 -0.025334)
(0.529934 0.191041 -0.025334)
(0.524926 0.191016 -0.025334)
(0.519918 0.190991 -0.025334)
(0.51491 0.190965 -0.025334)
(0.509902 0.19094 -0.025334)
(0.504894 0.190915 -0.025334)
(0.499886 0.19089 -0.025334)
(0.494878 0.190865 -0.025334)
(0.48987 0.19084 -0.025334)
(0.484862 0.190815 -0.025334)
(0.479854 0.19079 -0.025334)
(0.474846 0.190765 -0.025334)
(0.469838 0.19074 -0.025334)
(0.46483 0.190716 -0.025334)
(0.459822 0.190691 -0.025334)
(0.454814 0.190667 -0.025334)
(0.449806 0.190642 -0.025334)
(0.444798 0.190618 -0.025334)
(0.43979 0.190594 -0.025334)
(0.434782 0.19057 -0.025334)
(0.429774 0.190546 -0.025334)
(0.424766 0.190522 -0.025334)
(0.419757 0.190499 -0.025334)
(0.414749 0.190476 -0.025334)
(0.409741 0.190453 -0.025334)
(0.404733 0.19043 -0.025334)
(0.399724 0.190408 -0.025334)
(0.394716 0.190386 -0.025334)
(0.389707 0.190364 -0.025334)
(0.384699 0.190342 -0.025334)
(0.37969 0.190321 -0.025334)
(0.374682 0.190301 -0.025334)
(0.369673 0.190281 -0.025334)
(0.364664 0.190261 -0.025334)
(0.359656 0.190242 -0.025334)
(0.354647 0.190223 -0.025334)
(0.349638 0.190205 -0.025334)
(0.344629 0.190187 -0.025334)
(0.33962 0.19017 -0.025334)
(0.334611 0.190153 -0.025334)
(0.329602 0.190138 -0.025334)
(0.324593 0.190123 -0.025334)
(0.319584 0.190108 -0.025334)
(0.314575 0.190095 -0.025334)
(0.309566 0.190082 -0.025334)
(0.304556 0.19007 -0.025334)
(0.599993 0.201393 -0.025334)
(0.600018 0.196393 -0.025334)
(0.599943 0.211393 -0.025334)
(0.599968 0.206393 -0.025334)
(0.30451 0.210071 -0.025334)
(0.309516 0.210082 -0.025334)
(0.314523 0.210095 -0.025334)
(0.319529 0.210109 -0.025334)
(0.324535 0.210123 -0.025334)
(0.329541 0.210138 -0.025334)
(0.334548 0.210154 -0.025334)
(0.339554 0.21017 -0.025334)
(0.34456 0.210187 -0.025334)
(0.349567 0.210205 -0.025334)
(0.354574 0.210223 -0.025334)
(0.35958 0.210242 -0.025334)
(0.364587 0.210261 -0.025334)
(0.369594 0.210281 -0.025334)
(0.374601 0.210301 -0.025334)
(0.379608 0.210322 -0.025334)
(0.384615 0.210343 -0.025334)
(0.389622 0.210364 -0.025334)
(0.394629 0.210386 -0.025334)
(0.399636 0.210408 -0.025334)
(0.404643 0.21043 -0.025334)
(0.40965 0.210453 -0.025334)
(0.414657 0.210476 -0.025334)
(0.419665 0.210499 -0.025334)
(0.424672 0.210522 -0.025334)
(0.429679 0.210546 -0.025334)
(0.434687 0.21057 -0.025334)
(0.439694 0.210594 -0.025334)
(0.444702 0.210618 -0.025334)
(0.449709 0.210642 -0.025334)
(0.454717 0.210666 -0.025334)
(0.459724 0.210691 -0.025334)
(0.464732 0.210716 -0.025334)
(0.46974 0.21074 -0.025334)
(0.474747 0.210765 -0.025334)
(0.479755 0.21079 -0.025334)
(0.484763 0.210815 -0.025334)
(0.489771 0.21084 -0.025334)
(0.494778 0.210865 -0.025334)
(0.499786 0.21089 -0.025334)
(0.504794 0.210915 -0.025334)
(0.509802 0.21094 -0.025334)
(0.51481 0.210965 -0.025334)
(0.519817 0.21099 -0.025334)
(0.524825 0.211015 -0.025334)
(0.529833 0.21104 -0.025334)
(0.534841 0.211066 -0.025334)
(0.539849 0.211091 -0.025334)
(0.544857 0.211116 -0.025334)
(0.549864 0.211141 -0.025334)
(0.554872 0.211166 -0.025334)
(0.55988 0.211192 -0.025334)
(0.564888 0.211217 -0.025334)
(0.569896 0.211242 -0.025334)
(0.574904 0.211267 -0.025334)
(0.579912 0.211292 -0.025334)
(0.584919 0.211318 -0.025334)
(0.589927 0.211343 -0.025334)
(0.594935 0.211368 -0.025334)
(0.248989 0.210001 -0.025334)
(0.249989 0.210001 -0.025334)
(0.251061 0.210001 -0.025334)
(0.252211 0.210002 -0.025334)
(0.253444 0.210002 -0.025334)
(0.254766 0.210003 -0.025334)
(0.256185 0.210003 -0.025334)
(0.257706 0.210004 -0.025334)
(0.259337 0.210005 -0.025334)
(0.261087 0.210005 -0.025334)
(0.262964 0.210007 -0.025334)
(0.264976 0.210008 -0.025334)
(0.267135 0.21001 -0.025334)
(0.26945 0.210012 -0.025334)
(0.271933 0.210015 -0.025334)
(0.274596 0.210018 -0.025334)
(0.277452 0.210021 -0.025334)
(0.280516 0.210025 -0.025334)
(0.283801 0.21003 -0.025334)
(0.287325 0.210036 -0.025334)
(0.291104 0.210043 -0.025334)
(0.295157 0.21005 -0.025334)
(0.24899 0.19 -0.025334)
(0.295197 0.19005 -0.025334)
(0.29114 0.190042 -0.025334)
(0.287358 0.190035 -0.025334)
(0.283832 0.190029 -0.025334)
(0.280544 0.190024 -0.025334)
(0.277478 0.19002 -0.025334)
(0.274619 0.190017 -0.025334)
(0.271954 0.190014 -0.025334)
(0.269469 0.190011 -0.025334)
(0.267152 0.190009 -0.025334)
(0.264991 0.190007 -0.025334)
(0.262977 0.190006 -0.025334)
(0.261098 0.190005 -0.025334)
(0.259347 0.190004 -0.025334)
(0.257714 0.190003 -0.025334)
(0.256191 0.190002 -0.025334)
(0.254772 0.190002 -0.025334)
(0.253448 0.190001 -0.025334)
(0.252214 0.190001 -0.025334)
(0.251063 0.190001 -0.025334)
(0.249991 0.190001 -0.025334)
(0.24899 0.195 -0.025334)
(0.24899 0.2 -0.025334)
(0.24899 0.205 -0.025334)
(0.24999 0.195 -0.025334)
(0.251063 0.195 -0.025334)
(0.252213 0.195 -0.025334)
(0.253447 0.195001 -0.025334)
(0.25477 0.195001 -0.025334)
(0.25619 0.195001 -0.025334)
(0.257712 0.195002 -0.025334)
(0.259345 0.195003 -0.025334)
(0.261095 0.195004 -0.025334)
(0.262973 0.195005 -0.025334)
(0.264987 0.195006 -0.025334)
(0.267148 0.195008 -0.025334)
(0.269464 0.19501 -0.025334)
(0.271949 0.195013 -0.025334)
(0.274614 0.195016 -0.025334)
(0.277472 0.19502 -0.025334)
(0.280537 0.195024 -0.025334)
(0.283824 0.195029 -0.025334)
(0.28735 0.195034 -0.025334)
(0.291131 0.195041 -0.025334)
(0.295187 0.195049 -0.025334)
(0.299536 0.195058 -0.025334)
(0.304545 0.195069 -0.025334)
(0.309553 0.195081 -0.025334)
(0.314562 0.195094 -0.025334)
(0.31957 0.195108 -0.025334)
(0.324579 0.195122 -0.025334)
(0.329587 0.195137 -0.025334)
(0.334595 0.195153 -0.025334)
(0.339604 0.195169 -0.025334)
(0.344612 0.195187 -0.025334)
(0.34962 0.195204 -0.025334)
(0.354629 0.195222 -0.025334)
(0.359637 0.195241 -0.025334)
(0.364645 0.19526 -0.025334)
(0.369653 0.19528 -0.025334)
(0.374661 0.1953 -0.025334)
(0.37967 0.195321 -0.025334)
(0.384678 0.195342 -0.025334)
(0.389686 0.195364 -0.025334)
(0.394694 0.195385 -0.025334)
(0.399702 0.195407 -0.025334)
(0.40471 0.19543 -0.025334)
(0.409718 0.195452 -0.025334)
(0.414726 0.195475 -0.025334)
(0.419734 0.195499 -0.025334)
(0.424742 0.195522 -0.025334)
(0.42975 0.195546 -0.025334)
(0.434758 0.19557 -0.025334)
(0.439766 0.195594 -0.025334)
(0.444774 0.195618 -0.025334)
(0.449782 0.195642 -0.025334)
(0.45479 0.195666 -0.025334)
(0.459798 0.195691 -0.025334)
(0.464806 0.195716 -0.025334)
(0.469814 0.19574 -0.025334)
(0.474822 0.195765 -0.025334)
(0.47983 0.19579 -0.025334)
(0.484837 0.195815 -0.025334)
(0.489845 0.19584 -0.025334)
(0.494853 0.195865 -0.025334)
(0.499861 0.19589 -0.025334)
(0.504869 0.195915 -0.025334)
(0.509877 0.19594 -0.025334)
(0.514885 0.195965 -0.025334)
(0.519893 0.19599 -0.025334)
(0.524901 0.196016 -0.025334)
(0.529908 0.196041 -0.025334)
(0.534916 0.196066 -0.025334)
(0.539924 0.196091 -0.025334)
(0.544932 0.196116 -0.025334)
(0.54994 0.196141 -0.025334)
(0.554948 0.196167 -0.025334)
(0.559956 0.196192 -0.025334)
(0.564963 0.196217 -0.025334)
(0.569971 0.196242 -0.025334)
(0.574979 0.196267 -0.025334)
(0.579987 0.196293 -0.025334)
(0.584995 0.196318 -0.025334)
(0.590003 0.196343 -0.025334)
(0.59501 0.196368 -0.025334)
(0.24999 0.2 -0.025334)
(0.251062 0.2 -0.025334)
(0.252212 0.2 -0.025334)
(0.253446 0.2 -0.025334)
(0.254769 0.200001 -0.025334)
(0.256188 0.200001 -0.025334)
(0.25771 0.200002 -0.025334)
(0.259342 0.200003 -0.025334)
(0.261093 0.200004 -0.025334)
(0.26297 0.200005 -0.025334)
(0.264984 0.200006 -0.025334)
(0.267143 0.200008 -0.025334)
(0.26946 0.20001 -0.025334)
(0.271944 0.200013 -0.025334)
(0.274608 0.200016 -0.025334)
(0.277465 0.200019 -0.025334)
(0.28053 0.200024 -0.025334)
(0.283817 0.200029 -0.025334)
(0.287342 0.200034 -0.025334)
(0.291122 0.200041 -0.025334)
(0.295177 0.200049 -0.025334)
(0.299526 0.200058 -0.025334)
(0.304533 0.200069 -0.025334)
(0.309541 0.200081 -0.025334)
(0.314549 0.200094 -0.025334)
(0.319556 0.200108 -0.025334)
(0.324564 0.200122 -0.025334)
(0.329572 0.200137 -0.025334)
(0.334579 0.200153 -0.025334)
(0.339587 0.200169 -0.025334)
(0.344595 0.200186 -0.025334)
(0.349603 0.200204 -0.025334)
(0.35461 0.200222 -0.025334)
(0.359618 0.200241 -0.025334)
(0.364626 0.20026 -0.025334)
(0.369633 0.20028 -0.025334)
(0.374641 0.2003 -0.025334)
(0.379649 0.200321 -0.025334)
(0.384657 0.200342 -0.025334)
(0.389664 0.200363 -0.025334)
(0.394672 0.200385 -0.025334)
(0.39968 0.200407 -0.025334)
(0.404688 0.20043 -0.025334)
(0.409695 0.200452 -0.025334)
(0.414703 0.200475 -0.025334)
(0.419711 0.200499 -0.025334)
(0.424719 0.200522 -0.025334)
(0.429727 0.200546 -0.025334)
(0.434734 0.200569 -0.025334)
(0.439742 0.200593 -0.025334)
(0.44475 0.200618 -0.025334)
(0.449758 0.200642 -0.025334)
(0.454766 0.200666 -0.025334)
(0.459773 0.200691 -0.025334)
(0.464781 0.200716 -0.025334)
(0.469789 0.20074 -0.025334)
(0.474797 0.200765 -0.025334)
(0.479805 0.20079 -0.025334)
(0.484813 0.200815 -0.025334)
(0.48982 0.20084 -0.025334)
(0.494828 0.200865 -0.025334)
(0.499836 0.20089 -0.025334)
(0.504844 0.200915 -0.025334)
(0.509852 0.20094 -0.025334)
(0.51486 0.200965 -0.025334)
(0.519868 0.20099 -0.025334)
(0.524875 0.201015 -0.025334)
(0.529883 0.201041 -0.025334)
(0.534891 0.201066 -0.025334)
(0.539899 0.201091 -0.025334)
(0.544907 0.201116 -0.025334)
(0.549915 0.201141 -0.025334)
(0.554923 0.201167 -0.025334)
(0.55993 0.201192 -0.025334)
(0.564938 0.201217 -0.025334)
(0.569946 0.201242 -0.025334)
(0.574954 0.201267 -0.025334)
(0.579962 0.201293 -0.025334)
(0.58497 0.201318 -0.025334)
(0.589977 0.201343 -0.025334)
(0.594985 0.201368 -0.025334)
(0.24999 0.205 -0.025334)
(0.251062 0.205 -0.025334)
(0.252212 0.205001 -0.025334)
(0.253445 0.205001 -0.025334)
(0.254768 0.205001 -0.025334)
(0.256186 0.205002 -0.025334)
(0.257708 0.205002 -0.025334)
(0.25934 0.205003 -0.025334)
(0.26109 0.205004 -0.025334)
(0.262967 0.205005 -0.025334)
(0.26498 0.205007 -0.025334)
(0.267139 0.205009 -0.025334)
(0.269455 0.205011 -0.025334)
(0.271938 0.205013 -0.025334)
(0.274602 0.205016 -0.025334)
(0.277459 0.20502 -0.025334)
(0.280523 0.205024 -0.025334)
(0.283809 0.205029 -0.025334)
(0.287333 0.205035 -0.025334)
(0.291113 0.205042 -0.025334)
(0.295167 0.205049 -0.025334)
(0.299515 0.205058 -0.025334)
(0.304522 0.20507 -0.025334)
(0.309529 0.205082 -0.025334)
(0.314536 0.205094 -0.025334)
(0.319543 0.205108 -0.025334)
(0.32455 0.205122 -0.025334)
(0.329557 0.205138 -0.025334)
(0.334564 0.205153 -0.025334)
(0.339571 0.20517 -0.025334)
(0.344578 0.205187 -0.025334)
(0.349585 0.205204 -0.025334)
(0.354592 0.205223 -0.025334)
(0.359599 0.205241 -0.025334)
(0.364606 0.205261 -0.025334)
(0.369614 0.20528 -0.025334)
(0.374621 0.205301 -0.025334)
(0.379628 0.205321 -0.025334)
(0.384636 0.205342 -0.025334)
(0.389643 0.205364 -0.025334)
(0.39465 0.205385 -0.025334)
(0.399658 0.205407 -0.025334)
(0.404665 0.20543 -0.025334)
(0.409673 0.205453 -0.025334)
(0.41468 0.205475 -0.025334)
(0.419688 0.205499 -0.025334)
(0.424695 0.205522 -0.025334)
(0.429703 0.205546 -0.025334)
(0.434711 0.20557 -0.025334)
(0.439718 0.205594 -0.025334)
(0.444726 0.205618 -0.025334)
(0.449734 0.205642 -0.025334)
(0.454741 0.205666 -0.025334)
(0.459749 0.205691 -0.025334)
(0.464757 0.205716 -0.025334)
(0.469764 0.20574 -0.025334)
(0.474772 0.205765 -0.025334)
(0.47978 0.20579 -0.025334)
(0.484788 0.205815 -0.025334)
(0.489796 0.20584 -0.025334)
(0.494803 0.205865 -0.025334)
(0.499811 0.20589 -0.025334)
(0.504819 0.205915 -0.025334)
(0.509827 0.20594 -0.025334)
(0.514835 0.205965 -0.025334)
(0.519842 0.20599 -0.025334)
(0.52485 0.206015 -0.025334)
(0.529858 0.206041 -0.025334)
(0.534866 0.206066 -0.025334)
(0.539874 0.206091 -0.025334)
(0.544882 0.206116 -0.025334)
(0.54989 0.206141 -0.025334)
(0.554897 0.206166 -0.025334)
(0.559905 0.206192 -0.025334)
(0.564913 0.206217 -0.025334)
(0.569921 0.206242 -0.025334)
(0.574929 0.206267 -0.025334)
(0.579937 0.206292 -0.025334)
(0.584944 0.206318 -0.025334)
(0.589952 0.206343 -0.025334)
(0.59496 0.206368 -0.025334)
)


// ************************************************************************* //
