/*--------------------------------*- C++ -*----------------------------------*\
| =========                 |                                                 |
| \\      /  F ield         | OpenFOAM Extend Project: Open source CFD        |
|  \\    /   O peration     | Version:  1.6-ext                               |
|   \\  /    A nd           | Web:      www.extend-project.de                 |
|    \\/     M anipulation  |                                                 |
\*---------------------------------------------------------------------------*/
FoamFile
{
    version     2.0;
    format      ascii;
    class       vectorField;
    location    "0.35/polyMesh";
    object      points;
}
// * * * * * * * * * * * * * * * * * * * * * * * * * * * * * * * * * * * * * //


830
(
(0.299532 0.209997 0.025334)
(0.299528 0.189998 0.025334)
(0.600003 0.189591 0.025334)
(0.594995 0.1896 0.025334)
(0.589987 0.189609 0.025334)
(0.584979 0.189618 0.025334)
(0.579971 0.189627 0.025334)
(0.574964 0.189636 0.025334)
(0.569956 0.189645 0.025334)
(0.564948 0.189654 0.025334)
(0.55994 0.189663 0.025334)
(0.554932 0.189672 0.025334)
(0.549924 0.189681 0.025334)
(0.544916 0.18969 0.025334)
(0.539908 0.189699 0.025334)
(0.5349 0.189708 0.025334)
(0.529892 0.189717 0.025334)
(0.524884 0.189726 0.025334)
(0.519876 0.189735 0.025334)
(0.514868 0.189744 0.025334)
(0.509859 0.189753 0.025334)
(0.504851 0.189762 0.025334)
(0.499843 0.18977 0.025334)
(0.494835 0.189779 0.025334)
(0.489827 0.189788 0.025334)
(0.484819 0.189796 0.025334)
(0.479811 0.189805 0.025334)
(0.474803 0.189813 0.025334)
(0.469795 0.189822 0.025334)
(0.464787 0.18983 0.025334)
(0.459779 0.189838 0.025334)
(0.454771 0.189846 0.025334)
(0.449762 0.189854 0.025334)
(0.444754 0.189862 0.025334)
(0.439746 0.18987 0.025334)
(0.434738 0.189878 0.025334)
(0.42973 0.189885 0.025334)
(0.424722 0.189892 0.025334)
(0.419714 0.1899 0.025334)
(0.414706 0.189906 0.025334)
(0.409698 0.189913 0.025334)
(0.40469 0.18992 0.025334)
(0.399682 0.189926 0.025334)
(0.394674 0.189932 0.025334)
(0.389666 0.189938 0.025334)
(0.384658 0.189944 0.025334)
(0.379651 0.189949 0.025334)
(0.374643 0.189954 0.025334)
(0.369635 0.189959 0.025334)
(0.364627 0.189964 0.025334)
(0.35962 0.189968 0.025334)
(0.354612 0.189972 0.025334)
(0.349604 0.189976 0.025334)
(0.344596 0.189979 0.025334)
(0.339589 0.189982 0.025334)
(0.334581 0.189985 0.025334)
(0.329574 0.189988 0.025334)
(0.324566 0.18999 0.025334)
(0.319558 0.189992 0.025334)
(0.314551 0.189994 0.025334)
(0.309543 0.189995 0.025334)
(0.304535 0.189997 0.025334)
(0.600021 0.199591 0.025334)
(0.600012 0.194591 0.025334)
(0.600039 0.209591 0.025334)
(0.60003 0.204591 0.025334)
(0.304541 0.209996 0.025334)
(0.309549 0.209995 0.025334)
(0.314558 0.209993 0.025334)
(0.319566 0.209992 0.025334)
(0.324575 0.20999 0.025334)
(0.329584 0.209987 0.025334)
(0.334592 0.209985 0.025334)
(0.339601 0.209982 0.025334)
(0.34461 0.209978 0.025334)
(0.349619 0.209975 0.025334)
(0.354627 0.209971 0.025334)
(0.359636 0.209967 0.025334)
(0.364645 0.209963 0.025334)
(0.369654 0.209958 0.025334)
(0.374663 0.209953 0.025334)
(0.379672 0.209948 0.025334)
(0.38468 0.209942 0.025334)
(0.389689 0.209937 0.025334)
(0.394698 0.209931 0.025334)
(0.399707 0.209925 0.025334)
(0.404716 0.209918 0.025334)
(0.409725 0.209912 0.025334)
(0.414733 0.209905 0.025334)
(0.419742 0.209898 0.025334)
(0.424751 0.209891 0.025334)
(0.42976 0.209883 0.025334)
(0.434768 0.209876 0.025334)
(0.439777 0.209868 0.025334)
(0.444785 0.209861 0.025334)
(0.449794 0.209853 0.025334)
(0.454803 0.209845 0.025334)
(0.459811 0.209837 0.025334)
(0.46482 0.209829 0.025334)
(0.469828 0.20982 0.025334)
(0.474836 0.209812 0.025334)
(0.479845 0.209804 0.025334)
(0.484853 0.209795 0.025334)
(0.489861 0.209787 0.025334)
(0.49487 0.209778 0.025334)
(0.499878 0.209769 0.025334)
(0.504886 0.209761 0.025334)
(0.509895 0.209752 0.025334)
(0.514903 0.209743 0.025334)
(0.519911 0.209734 0.025334)
(0.524919 0.209725 0.025334)
(0.529927 0.209717 0.025334)
(0.534935 0.209708 0.025334)
(0.539943 0.209699 0.025334)
(0.544951 0.20969 0.025334)
(0.549959 0.209681 0.025334)
(0.554968 0.209672 0.025334)
(0.559976 0.209663 0.025334)
(0.564984 0.209654 0.025334)
(0.569992 0.209645 0.025334)
(0.574999 0.209636 0.025334)
(0.580007 0.209627 0.025334)
(0.585015 0.209618 0.025334)
(0.590023 0.209609 0.025334)
(0.595031 0.2096 0.025334)
(0.24899 0.21 0.025334)
(0.24999 0.21 0.025334)
(0.251062 0.21 0.025334)
(0.252213 0.21 0.025334)
(0.253446 0.21 0.025334)
(0.254769 0.21 0.025334)
(0.256189 0.21 0.025334)
(0.257711 0.21 0.025334)
(0.259343 0.21 0.025334)
(0.261094 0.21 0.025334)
(0.262971 0.21 0.025334)
(0.264985 0.21 0.025334)
(0.267145 0.21 0.025334)
(0.269461 0.21 0.025334)
(0.271946 0.21 0.025334)
(0.27461 0.21 0.025334)
(0.277468 0.21 0.025334)
(0.280533 0.21 0.025334)
(0.28382 0.21 0.025334)
(0.287346 0.209999 0.025334)
(0.291127 0.209999 0.025334)
(0.295183 0.209998 0.025334)
(0.24899 0.19 0.025334)
(0.295179 0.189999 0.025334)
(0.291124 0.189999 0.025334)
(0.287344 0.19 0.025334)
(0.283818 0.19 0.025334)
(0.280532 0.19 0.025334)
(0.277467 0.19 0.025334)
(0.27461 0.19 0.025334)
(0.271945 0.190001 0.025334)
(0.269461 0.190001 0.025334)
(0.267145 0.190001 0.025334)
(0.264985 0.190001 0.025334)
(0.262971 0.190001 0.025334)
(0.261094 0.190001 0.025334)
(0.259343 0.19 0.025334)
(0.257711 0.19 0.025334)
(0.256189 0.19 0.025334)
(0.25477 0.19 0.025334)
(0.253447 0.19 0.025334)
(0.252213 0.19 0.025334)
(0.251063 0.19 0.025334)
(0.24999 0.19 0.025334)
(0.24899 0.195 0.025334)
(0.24899 0.2 0.025334)
(0.24899 0.205 0.025334)
(0.24999 0.195 0.025334)
(0.251062 0.195 0.025334)
(0.252213 0.195 0.025334)
(0.253446 0.195 0.025334)
(0.25477 0.195 0.025334)
(0.256189 0.195 0.025334)
(0.257711 0.195 0.025334)
(0.259343 0.195 0.025334)
(0.261094 0.195 0.025334)
(0.262971 0.195001 0.025334)
(0.264985 0.195001 0.025334)
(0.267145 0.195001 0.025334)
(0.269461 0.195001 0.025334)
(0.271945 0.195001 0.025334)
(0.27461 0.195 0.025334)
(0.277467 0.195 0.025334)
(0.280532 0.195 0.025334)
(0.283819 0.195 0.025334)
(0.287344 0.195 0.025334)
(0.291125 0.194999 0.025334)
(0.29518 0.194999 0.025334)
(0.299529 0.194998 0.025334)
(0.304537 0.194997 0.025334)
(0.309545 0.194996 0.025334)
(0.314553 0.194994 0.025334)
(0.31956 0.194992 0.025334)
(0.324568 0.19499 0.025334)
(0.329576 0.194988 0.025334)
(0.334584 0.194985 0.025334)
(0.339592 0.194982 0.025334)
(0.3446 0.194979 0.025334)
(0.349608 0.194976 0.025334)
(0.354616 0.194972 0.025334)
(0.359624 0.194968 0.025334)
(0.364632 0.194964 0.025334)
(0.36964 0.194959 0.025334)
(0.374648 0.194954 0.025334)
(0.379656 0.194949 0.025334)
(0.384664 0.194944 0.025334)
(0.389672 0.194938 0.025334)
(0.39468 0.194932 0.025334)
(0.399688 0.194926 0.025334)
(0.404697 0.19492 0.025334)
(0.409705 0.194913 0.025334)
(0.414713 0.194906 0.025334)
(0.419721 0.194899 0.025334)
(0.424729 0.194892 0.025334)
(0.429738 0.194885 0.025334)
(0.434746 0.194877 0.025334)
(0.439754 0.19487 0.025334)
(0.444762 0.194862 0.025334)
(0.44977 0.194854 0.025334)
(0.454779 0.194846 0.025334)
(0.459787 0.194838 0.025334)
(0.464795 0.19483 0.025334)
(0.469803 0.194821 0.025334)
(0.474811 0.194813 0.025334)
(0.479819 0.194805 0.025334)
(0.484828 0.194796 0.025334)
(0.489836 0.194787 0.025334)
(0.494844 0.194779 0.025334)
(0.499852 0.19477 0.025334)
(0.50486 0.194761 0.025334)
(0.509868 0.194753 0.025334)
(0.514876 0.194744 0.025334)
(0.519884 0.194735 0.025334)
(0.524892 0.194726 0.025334)
(0.529901 0.194717 0.025334)
(0.534909 0.194708 0.025334)
(0.539917 0.194699 0.025334)
(0.544925 0.19469 0.025334)
(0.549933 0.194681 0.025334)
(0.554941 0.194672 0.025334)
(0.559949 0.194663 0.025334)
(0.564957 0.194654 0.025334)
(0.569965 0.194645 0.025334)
(0.574973 0.194636 0.025334)
(0.57998 0.194627 0.025334)
(0.584988 0.194618 0.025334)
(0.589996 0.194609 0.025334)
(0.595004 0.1946 0.025334)
(0.24999 0.2 0.025334)
(0.251062 0.2 0.025334)
(0.252213 0.2 0.025334)
(0.253446 0.2 0.025334)
(0.25477 0.2 0.025334)
(0.256189 0.2 0.025334)
(0.257711 0.2 0.025334)
(0.259343 0.2 0.025334)
(0.261094 0.2 0.025334)
(0.262971 0.2 0.025334)
(0.264985 0.2 0.025334)
(0.267145 0.2 0.025334)
(0.269461 0.200001 0.025334)
(0.271946 0.2 0.025334)
(0.27461 0.2 0.025334)
(0.277468 0.2 0.025334)
(0.280532 0.2 0.025334)
(0.283819 0.2 0.025334)
(0.287345 0.2 0.025334)
(0.291126 0.199999 0.025334)
(0.295181 0.199999 0.025334)
(0.29953 0.199998 0.025334)
(0.304538 0.199997 0.025334)
(0.309546 0.199996 0.025334)
(0.314554 0.199994 0.025334)
(0.319562 0.199992 0.025334)
(0.324571 0.19999 0.025334)
(0.329579 0.199988 0.025334)
(0.334587 0.199985 0.025334)
(0.339595 0.199982 0.025334)
(0.344603 0.199979 0.025334)
(0.349611 0.199976 0.025334)
(0.35462 0.199972 0.025334)
(0.359628 0.199968 0.025334)
(0.364636 0.199963 0.025334)
(0.369644 0.199959 0.025334)
(0.374653 0.199954 0.025334)
(0.379661 0.199949 0.025334)
(0.384669 0.199943 0.025334)
(0.389678 0.199938 0.025334)
(0.394686 0.199932 0.025334)
(0.399695 0.199926 0.025334)
(0.404703 0.199919 0.025334)
(0.409711 0.199913 0.025334)
(0.41472 0.199906 0.025334)
(0.419728 0.199899 0.025334)
(0.424736 0.199892 0.025334)
(0.429745 0.199884 0.025334)
(0.434753 0.199877 0.025334)
(0.439762 0.199869 0.025334)
(0.44477 0.199862 0.025334)
(0.449778 0.199854 0.025334)
(0.454787 0.199846 0.025334)
(0.459795 0.199838 0.025334)
(0.464803 0.199829 0.025334)
(0.469811 0.199821 0.025334)
(0.47482 0.199813 0.025334)
(0.479828 0.199804 0.025334)
(0.484836 0.199796 0.025334)
(0.489844 0.199787 0.025334)
(0.494852 0.199779 0.025334)
(0.499861 0.19977 0.025334)
(0.504869 0.199761 0.025334)
(0.509877 0.199752 0.025334)
(0.514885 0.199744 0.025334)
(0.519893 0.199735 0.025334)
(0.524901 0.199726 0.025334)
(0.529909 0.199717 0.025334)
(0.534917 0.199708 0.025334)
(0.539926 0.199699 0.025334)
(0.544934 0.19969 0.025334)
(0.549942 0.199681 0.025334)
(0.55495 0.199672 0.025334)
(0.559958 0.199663 0.025334)
(0.564966 0.199654 0.025334)
(0.569974 0.199645 0.025334)
(0.574981 0.199636 0.025334)
(0.579989 0.199627 0.025334)
(0.584997 0.199618 0.025334)
(0.590005 0.199609 0.025334)
(0.595013 0.1996 0.025334)
(0.24999 0.205 0.025334)
(0.251062 0.205 0.025334)
(0.252213 0.205 0.025334)
(0.253446 0.205 0.025334)
(0.25477 0.205 0.025334)
(0.256189 0.205 0.025334)
(0.257711 0.205 0.025334)
(0.259343 0.205 0.025334)
(0.261094 0.205 0.025334)
(0.262971 0.205 0.025334)
(0.264985 0.205 0.025334)
(0.267145 0.205 0.025334)
(0.269461 0.205 0.025334)
(0.271946 0.205 0.025334)
(0.27461 0.205 0.025334)
(0.277468 0.205 0.025334)
(0.280533 0.205 0.025334)
(0.28382 0.205 0.025334)
(0.287345 0.205 0.025334)
(0.291126 0.204999 0.025334)
(0.295182 0.204999 0.025334)
(0.299531 0.204998 0.025334)
(0.304539 0.204997 0.025334)
(0.309548 0.204995 0.025334)
(0.314556 0.204994 0.025334)
(0.319564 0.204992 0.025334)
(0.324573 0.20499 0.025334)
(0.329581 0.204988 0.025334)
(0.33459 0.204985 0.025334)
(0.339598 0.204982 0.025334)
(0.344607 0.204979 0.025334)
(0.349615 0.204975 0.025334)
(0.354624 0.204972 0.025334)
(0.359632 0.204967 0.025334)
(0.364641 0.204963 0.025334)
(0.369649 0.204958 0.025334)
(0.374658 0.204954 0.025334)
(0.379666 0.204948 0.025334)
(0.384675 0.204943 0.025334)
(0.389684 0.204937 0.025334)
(0.394692 0.204931 0.025334)
(0.399701 0.204925 0.025334)
(0.404709 0.204919 0.025334)
(0.409718 0.204912 0.025334)
(0.414727 0.204905 0.025334)
(0.419735 0.204898 0.025334)
(0.424744 0.204891 0.025334)
(0.429752 0.204884 0.025334)
(0.434761 0.204877 0.025334)
(0.439769 0.204869 0.025334)
(0.444778 0.204861 0.025334)
(0.449786 0.204853 0.025334)
(0.454794 0.204845 0.025334)
(0.459803 0.204837 0.025334)
(0.464811 0.204829 0.025334)
(0.46982 0.204821 0.025334)
(0.474828 0.204812 0.025334)
(0.479836 0.204804 0.025334)
(0.484845 0.204795 0.025334)
(0.489853 0.204787 0.025334)
(0.494861 0.204778 0.025334)
(0.499869 0.20477 0.025334)
(0.504878 0.204761 0.025334)
(0.509886 0.204752 0.025334)
(0.514894 0.204743 0.025334)
(0.519902 0.204734 0.025334)
(0.52491 0.204726 0.025334)
(0.529918 0.204717 0.025334)
(0.534926 0.204708 0.025334)
(0.539934 0.204699 0.025334)
(0.544942 0.20469 0.025334)
(0.549951 0.204681 0.025334)
(0.554959 0.204672 0.025334)
(0.559967 0.204663 0.025334)
(0.564975 0.204654 0.025334)
(0.569982 0.204645 0.025334)
(0.57499 0.204636 0.025334)
(0.579998 0.204627 0.025334)
(0.585006 0.204618 0.025334)
(0.590014 0.204609 0.025334)
(0.595022 0.2046 0.025334)
(0.299532 0.209997 -0.025334)
(0.299528 0.189998 -0.025334)
(0.600003 0.189591 -0.025334)
(0.594995 0.1896 -0.025334)
(0.589987 0.189609 -0.025334)
(0.584979 0.189618 -0.025334)
(0.579971 0.189627 -0.025334)
(0.574964 0.189636 -0.025334)
(0.569956 0.189645 -0.025334)
(0.564948 0.189654 -0.025334)
(0.55994 0.189663 -0.025334)
(0.554932 0.189672 -0.025334)
(0.549924 0.189681 -0.025334)
(0.544916 0.18969 -0.025334)
(0.539908 0.189699 -0.025334)
(0.5349 0.189708 -0.025334)
(0.529892 0.189717 -0.025334)
(0.524884 0.189726 -0.025334)
(0.519876 0.189735 -0.025334)
(0.514868 0.189744 -0.025334)
(0.509859 0.189753 -0.025334)
(0.504851 0.189762 -0.025334)
(0.499843 0.18977 -0.025334)
(0.494835 0.189779 -0.025334)
(0.489827 0.189788 -0.025334)
(0.484819 0.189796 -0.025334)
(0.479811 0.189805 -0.025334)
(0.474803 0.189813 -0.025334)
(0.469795 0.189822 -0.025334)
(0.464787 0.18983 -0.025334)
(0.459779 0.189838 -0.025334)
(0.454771 0.189846 -0.025334)
(0.449762 0.189854 -0.025334)
(0.444754 0.189862 -0.025334)
(0.439746 0.18987 -0.025334)
(0.434738 0.189878 -0.025334)
(0.42973 0.189885 -0.025334)
(0.424722 0.189892 -0.025334)
(0.419714 0.1899 -0.025334)
(0.414706 0.189906 -0.025334)
(0.409698 0.189913 -0.025334)
(0.40469 0.18992 -0.025334)
(0.399682 0.189926 -0.025334)
(0.394674 0.189932 -0.025334)
(0.389666 0.189938 -0.025334)
(0.384658 0.189944 -0.025334)
(0.379651 0.189949 -0.025334)
(0.374643 0.189954 -0.025334)
(0.369635 0.189959 -0.025334)
(0.364627 0.189964 -0.025334)
(0.35962 0.189968 -0.025334)
(0.354612 0.189972 -0.025334)
(0.349604 0.189976 -0.025334)
(0.344596 0.189979 -0.025334)
(0.339589 0.189982 -0.025334)
(0.334581 0.189985 -0.025334)
(0.329574 0.189988 -0.025334)
(0.324566 0.18999 -0.025334)
(0.319558 0.189992 -0.025334)
(0.314551 0.189994 -0.025334)
(0.309543 0.189995 -0.025334)
(0.304535 0.189997 -0.025334)
(0.600021 0.199591 -0.025334)
(0.600012 0.194591 -0.025334)
(0.600039 0.209591 -0.025334)
(0.60003 0.204591 -0.025334)
(0.304541 0.209996 -0.025334)
(0.309549 0.209995 -0.025334)
(0.314558 0.209993 -0.025334)
(0.319566 0.209992 -0.025334)
(0.324575 0.20999 -0.025334)
(0.329584 0.209987 -0.025334)
(0.334592 0.209985 -0.025334)
(0.339601 0.209982 -0.025334)
(0.34461 0.209978 -0.025334)
(0.349619 0.209975 -0.025334)
(0.354627 0.209971 -0.025334)
(0.359636 0.209967 -0.025334)
(0.364645 0.209963 -0.025334)
(0.369654 0.209958 -0.025334)
(0.374663 0.209953 -0.025334)
(0.379672 0.209948 -0.025334)
(0.38468 0.209942 -0.025334)
(0.389689 0.209937 -0.025334)
(0.394698 0.209931 -0.025334)
(0.399707 0.209925 -0.025334)
(0.404716 0.209918 -0.025334)
(0.409725 0.209912 -0.025334)
(0.414733 0.209905 -0.025334)
(0.419742 0.209898 -0.025334)
(0.424751 0.209891 -0.025334)
(0.42976 0.209883 -0.025334)
(0.434768 0.209876 -0.025334)
(0.439777 0.209868 -0.025334)
(0.444785 0.209861 -0.025334)
(0.449794 0.209853 -0.025334)
(0.454803 0.209845 -0.025334)
(0.459811 0.209837 -0.025334)
(0.46482 0.209829 -0.025334)
(0.469828 0.20982 -0.025334)
(0.474836 0.209812 -0.025334)
(0.479845 0.209804 -0.025334)
(0.484853 0.209795 -0.025334)
(0.489861 0.209787 -0.025334)
(0.49487 0.209778 -0.025334)
(0.499878 0.209769 -0.025334)
(0.504886 0.209761 -0.025334)
(0.509895 0.209752 -0.025334)
(0.514903 0.209743 -0.025334)
(0.519911 0.209734 -0.025334)
(0.524919 0.209725 -0.025334)
(0.529927 0.209717 -0.025334)
(0.534935 0.209708 -0.025334)
(0.539943 0.209699 -0.025334)
(0.544951 0.20969 -0.025334)
(0.549959 0.209681 -0.025334)
(0.554968 0.209672 -0.025334)
(0.559976 0.209663 -0.025334)
(0.564984 0.209654 -0.025334)
(0.569992 0.209645 -0.025334)
(0.574999 0.209636 -0.025334)
(0.580007 0.209627 -0.025334)
(0.585015 0.209618 -0.025334)
(0.590023 0.209609 -0.025334)
(0.595031 0.2096 -0.025334)
(0.24899 0.21 -0.025334)
(0.24999 0.21 -0.025334)
(0.251062 0.21 -0.025334)
(0.252213 0.21 -0.025334)
(0.253446 0.21 -0.025334)
(0.254769 0.21 -0.025334)
(0.256189 0.21 -0.025334)
(0.257711 0.21 -0.025334)
(0.259343 0.21 -0.025334)
(0.261094 0.21 -0.025334)
(0.262971 0.21 -0.025334)
(0.264985 0.21 -0.025334)
(0.267145 0.21 -0.025334)
(0.269461 0.21 -0.025334)
(0.271946 0.21 -0.025334)
(0.27461 0.21 -0.025334)
(0.277468 0.21 -0.025334)
(0.280533 0.21 -0.025334)
(0.28382 0.21 -0.025334)
(0.287346 0.209999 -0.025334)
(0.291127 0.209999 -0.025334)
(0.295183 0.209998 -0.025334)
(0.24899 0.19 -0.025334)
(0.295179 0.189999 -0.025334)
(0.291124 0.189999 -0.025334)
(0.287344 0.19 -0.025334)
(0.283818 0.19 -0.025334)
(0.280532 0.19 -0.025334)
(0.277467 0.19 -0.025334)
(0.27461 0.19 -0.025334)
(0.271945 0.190001 -0.025334)
(0.269461 0.190001 -0.025334)
(0.267145 0.190001 -0.025334)
(0.264985 0.190001 -0.025334)
(0.262971 0.190001 -0.025334)
(0.261094 0.190001 -0.025334)
(0.259343 0.19 -0.025334)
(0.257711 0.19 -0.025334)
(0.256189 0.19 -0.025334)
(0.25477 0.19 -0.025334)
(0.253447 0.19 -0.025334)
(0.252213 0.19 -0.025334)
(0.251063 0.19 -0.025334)
(0.24999 0.19 -0.025334)
(0.24899 0.195 -0.025334)
(0.24899 0.2 -0.025334)
(0.24899 0.205 -0.025334)
(0.24999 0.195 -0.025334)
(0.251062 0.195 -0.025334)
(0.252213 0.195 -0.025334)
(0.253446 0.195 -0.025334)
(0.25477 0.195 -0.025334)
(0.256189 0.195 -0.025334)
(0.257711 0.195 -0.025334)
(0.259343 0.195 -0.025334)
(0.261094 0.195 -0.025334)
(0.262971 0.195001 -0.025334)
(0.264985 0.195001 -0.025334)
(0.267145 0.195001 -0.025334)
(0.269461 0.195001 -0.025334)
(0.271945 0.195001 -0.025334)
(0.27461 0.195 -0.025334)
(0.277467 0.195 -0.025334)
(0.280532 0.195 -0.025334)
(0.283819 0.195 -0.025334)
(0.287344 0.195 -0.025334)
(0.291125 0.194999 -0.025334)
(0.29518 0.194999 -0.025334)
(0.299529 0.194998 -0.025334)
(0.304537 0.194997 -0.025334)
(0.309545 0.194996 -0.025334)
(0.314553 0.194994 -0.025334)
(0.31956 0.194992 -0.025334)
(0.324568 0.19499 -0.025334)
(0.329576 0.194988 -0.025334)
(0.334584 0.194985 -0.025334)
(0.339592 0.194982 -0.025334)
(0.3446 0.194979 -0.025334)
(0.349608 0.194976 -0.025334)
(0.354616 0.194972 -0.025334)
(0.359624 0.194968 -0.025334)
(0.364632 0.194964 -0.025334)
(0.36964 0.194959 -0.025334)
(0.374648 0.194954 -0.025334)
(0.379656 0.194949 -0.025334)
(0.384664 0.194944 -0.025334)
(0.389672 0.194938 -0.025334)
(0.39468 0.194932 -0.025334)
(0.399688 0.194926 -0.025334)
(0.404697 0.19492 -0.025334)
(0.409705 0.194913 -0.025334)
(0.414713 0.194906 -0.025334)
(0.419721 0.194899 -0.025334)
(0.424729 0.194892 -0.025334)
(0.429738 0.194885 -0.025334)
(0.434746 0.194877 -0.025334)
(0.439754 0.19487 -0.025334)
(0.444762 0.194862 -0.025334)
(0.44977 0.194854 -0.025334)
(0.454779 0.194846 -0.025334)
(0.459787 0.194838 -0.025334)
(0.464795 0.19483 -0.025334)
(0.469803 0.194821 -0.025334)
(0.474811 0.194813 -0.025334)
(0.479819 0.194805 -0.025334)
(0.484828 0.194796 -0.025334)
(0.489836 0.194787 -0.025334)
(0.494844 0.194779 -0.025334)
(0.499852 0.19477 -0.025334)
(0.50486 0.194761 -0.025334)
(0.509868 0.194753 -0.025334)
(0.514876 0.194744 -0.025334)
(0.519884 0.194735 -0.025334)
(0.524892 0.194726 -0.025334)
(0.529901 0.194717 -0.025334)
(0.534909 0.194708 -0.025334)
(0.539917 0.194699 -0.025334)
(0.544925 0.19469 -0.025334)
(0.549933 0.194681 -0.025334)
(0.554941 0.194672 -0.025334)
(0.559949 0.194663 -0.025334)
(0.564957 0.194654 -0.025334)
(0.569965 0.194645 -0.025334)
(0.574973 0.194636 -0.025334)
(0.57998 0.194627 -0.025334)
(0.584988 0.194618 -0.025334)
(0.589996 0.194609 -0.025334)
(0.595004 0.1946 -0.025334)
(0.24999 0.2 -0.025334)
(0.251062 0.2 -0.025334)
(0.252213 0.2 -0.025334)
(0.253446 0.2 -0.025334)
(0.25477 0.2 -0.025334)
(0.256189 0.2 -0.025334)
(0.257711 0.2 -0.025334)
(0.259343 0.2 -0.025334)
(0.261094 0.2 -0.025334)
(0.262971 0.2 -0.025334)
(0.264985 0.2 -0.025334)
(0.267145 0.2 -0.025334)
(0.269461 0.200001 -0.025334)
(0.271946 0.2 -0.025334)
(0.27461 0.2 -0.025334)
(0.277468 0.2 -0.025334)
(0.280532 0.2 -0.025334)
(0.283819 0.2 -0.025334)
(0.287345 0.2 -0.025334)
(0.291126 0.199999 -0.025334)
(0.295181 0.199999 -0.025334)
(0.29953 0.199998 -0.025334)
(0.304538 0.199997 -0.025334)
(0.309546 0.199996 -0.025334)
(0.314554 0.199994 -0.025334)
(0.319562 0.199992 -0.025334)
(0.324571 0.19999 -0.025334)
(0.329579 0.199988 -0.025334)
(0.334587 0.199985 -0.025334)
(0.339595 0.199982 -0.025334)
(0.344603 0.199979 -0.025334)
(0.349611 0.199976 -0.025334)
(0.35462 0.199972 -0.025334)
(0.359628 0.199968 -0.025334)
(0.364636 0.199963 -0.025334)
(0.369644 0.199959 -0.025334)
(0.374653 0.199954 -0.025334)
(0.379661 0.199949 -0.025334)
(0.384669 0.199943 -0.025334)
(0.389678 0.199938 -0.025334)
(0.394686 0.199932 -0.025334)
(0.399695 0.199926 -0.025334)
(0.404703 0.199919 -0.025334)
(0.409711 0.199913 -0.025334)
(0.41472 0.199906 -0.025334)
(0.419728 0.199899 -0.025334)
(0.424736 0.199892 -0.025334)
(0.429745 0.199884 -0.025334)
(0.434753 0.199877 -0.025334)
(0.439762 0.199869 -0.025334)
(0.44477 0.199862 -0.025334)
(0.449778 0.199854 -0.025334)
(0.454787 0.199846 -0.025334)
(0.459795 0.199838 -0.025334)
(0.464803 0.199829 -0.025334)
(0.469811 0.199821 -0.025334)
(0.47482 0.199813 -0.025334)
(0.479828 0.199804 -0.025334)
(0.484836 0.199796 -0.025334)
(0.489844 0.199787 -0.025334)
(0.494852 0.199779 -0.025334)
(0.499861 0.19977 -0.025334)
(0.504869 0.199761 -0.025334)
(0.509877 0.199752 -0.025334)
(0.514885 0.199744 -0.025334)
(0.519893 0.199735 -0.025334)
(0.524901 0.199726 -0.025334)
(0.529909 0.199717 -0.025334)
(0.534917 0.199708 -0.025334)
(0.539926 0.199699 -0.025334)
(0.544934 0.19969 -0.025334)
(0.549942 0.199681 -0.025334)
(0.55495 0.199672 -0.025334)
(0.559958 0.199663 -0.025334)
(0.564966 0.199654 -0.025334)
(0.569974 0.199645 -0.025334)
(0.574981 0.199636 -0.025334)
(0.579989 0.199627 -0.025334)
(0.584997 0.199618 -0.025334)
(0.590005 0.199609 -0.025334)
(0.595013 0.1996 -0.025334)
(0.24999 0.205 -0.025334)
(0.251062 0.205 -0.025334)
(0.252213 0.205 -0.025334)
(0.253446 0.205 -0.025334)
(0.25477 0.205 -0.025334)
(0.256189 0.205 -0.025334)
(0.257711 0.205 -0.025334)
(0.259343 0.205 -0.025334)
(0.261094 0.205 -0.025334)
(0.262971 0.205 -0.025334)
(0.264985 0.205 -0.025334)
(0.267145 0.205 -0.025334)
(0.269461 0.205 -0.025334)
(0.271946 0.205 -0.025334)
(0.27461 0.205 -0.025334)
(0.277468 0.205 -0.025334)
(0.280533 0.205 -0.025334)
(0.28382 0.205 -0.025334)
(0.287345 0.205 -0.025334)
(0.291126 0.204999 -0.025334)
(0.295182 0.204999 -0.025334)
(0.299531 0.204998 -0.025334)
(0.304539 0.204997 -0.025334)
(0.309548 0.204995 -0.025334)
(0.314556 0.204994 -0.025334)
(0.319564 0.204992 -0.025334)
(0.324573 0.20499 -0.025334)
(0.329581 0.204988 -0.025334)
(0.33459 0.204985 -0.025334)
(0.339598 0.204982 -0.025334)
(0.344607 0.204979 -0.025334)
(0.349615 0.204975 -0.025334)
(0.354624 0.204972 -0.025334)
(0.359632 0.204967 -0.025334)
(0.364641 0.204963 -0.025334)
(0.369649 0.204958 -0.025334)
(0.374658 0.204954 -0.025334)
(0.379666 0.204948 -0.025334)
(0.384675 0.204943 -0.025334)
(0.389684 0.204937 -0.025334)
(0.394692 0.204931 -0.025334)
(0.399701 0.204925 -0.025334)
(0.404709 0.204919 -0.025334)
(0.409718 0.204912 -0.025334)
(0.414727 0.204905 -0.025334)
(0.419735 0.204898 -0.025334)
(0.424744 0.204891 -0.025334)
(0.429752 0.204884 -0.025334)
(0.434761 0.204877 -0.025334)
(0.439769 0.204869 -0.025334)
(0.444778 0.204861 -0.025334)
(0.449786 0.204853 -0.025334)
(0.454794 0.204845 -0.025334)
(0.459803 0.204837 -0.025334)
(0.464811 0.204829 -0.025334)
(0.46982 0.204821 -0.025334)
(0.474828 0.204812 -0.025334)
(0.479836 0.204804 -0.025334)
(0.484845 0.204795 -0.025334)
(0.489853 0.204787 -0.025334)
(0.494861 0.204778 -0.025334)
(0.499869 0.20477 -0.025334)
(0.504878 0.204761 -0.025334)
(0.509886 0.204752 -0.025334)
(0.514894 0.204743 -0.025334)
(0.519902 0.204734 -0.025334)
(0.52491 0.204726 -0.025334)
(0.529918 0.204717 -0.025334)
(0.534926 0.204708 -0.025334)
(0.539934 0.204699 -0.025334)
(0.544942 0.20469 -0.025334)
(0.549951 0.204681 -0.025334)
(0.554959 0.204672 -0.025334)
(0.559967 0.204663 -0.025334)
(0.564975 0.204654 -0.025334)
(0.569982 0.204645 -0.025334)
(0.57499 0.204636 -0.025334)
(0.579998 0.204627 -0.025334)
(0.585006 0.204618 -0.025334)
(0.590014 0.204609 -0.025334)
(0.595022 0.2046 -0.025334)
)


// ************************************************************************* //
