/*--------------------------------*- C++ -*----------------------------------*\
| =========                 |                                                 |
| \\      /  F ield         | OpenFOAM Extend Project: Open source CFD        |
|  \\    /   O peration     | Version:  1.6-ext                               |
|   \\  /    A nd           | Web:      www.extend-project.de                 |
|    \\/     M anipulation  |                                                 |
\*---------------------------------------------------------------------------*/
FoamFile
{
    version     2.0;
    format      ascii;
    class       vectorField;
    location    "0.2/polyMesh";
    object      points;
}
// * * * * * * * * * * * * * * * * * * * * * * * * * * * * * * * * * * * * * //


830
(
(0.299528 0.209994 0.025334)
(0.299523 0.189994 0.025334)
(0.599985 0.189741 0.025334)
(0.594977 0.189747 0.025334)
(0.589969 0.189752 0.025334)
(0.584961 0.189758 0.025334)
(0.579954 0.189764 0.025334)
(0.574946 0.189769 0.025334)
(0.569938 0.189775 0.025334)
(0.56493 0.18978 0.025334)
(0.559922 0.189786 0.025334)
(0.554914 0.189792 0.025334)
(0.549907 0.189797 0.025334)
(0.544899 0.189803 0.025334)
(0.539891 0.189808 0.025334)
(0.534883 0.189814 0.025334)
(0.529875 0.189819 0.025334)
(0.524868 0.189825 0.025334)
(0.51986 0.18983 0.025334)
(0.514852 0.189836 0.025334)
(0.509844 0.189841 0.025334)
(0.504837 0.189846 0.025334)
(0.499829 0.189851 0.025334)
(0.494821 0.189857 0.025334)
(0.489813 0.189862 0.025334)
(0.484806 0.189867 0.025334)
(0.479798 0.189872 0.025334)
(0.47479 0.189877 0.025334)
(0.469783 0.189882 0.025334)
(0.464775 0.189887 0.025334)
(0.459767 0.189892 0.025334)
(0.45476 0.189897 0.025334)
(0.449752 0.189901 0.025334)
(0.444744 0.189906 0.025334)
(0.439737 0.18991 0.025334)
(0.434729 0.189915 0.025334)
(0.429721 0.189919 0.025334)
(0.424714 0.189923 0.025334)
(0.419706 0.189928 0.025334)
(0.414698 0.189932 0.025334)
(0.409691 0.189936 0.025334)
(0.404683 0.189939 0.025334)
(0.399676 0.189943 0.025334)
(0.394668 0.189947 0.025334)
(0.38966 0.18995 0.025334)
(0.384653 0.189954 0.025334)
(0.379645 0.189957 0.025334)
(0.374637 0.18996 0.025334)
(0.36963 0.189964 0.025334)
(0.364622 0.189967 0.025334)
(0.359614 0.189969 0.025334)
(0.354607 0.189972 0.025334)
(0.349599 0.189975 0.025334)
(0.344592 0.189977 0.025334)
(0.339584 0.18998 0.025334)
(0.334576 0.189982 0.025334)
(0.329569 0.189984 0.025334)
(0.324561 0.189986 0.025334)
(0.319553 0.189988 0.025334)
(0.314546 0.18999 0.025334)
(0.309538 0.189991 0.025334)
(0.304531 0.189993 0.025334)
(0.599996 0.199741 0.025334)
(0.599991 0.194741 0.025334)
(0.600007 0.209741 0.025334)
(0.600002 0.204741 0.025334)
(0.304536 0.209992 0.025334)
(0.309544 0.209991 0.025334)
(0.314552 0.209989 0.025334)
(0.319561 0.209988 0.025334)
(0.324569 0.209986 0.025334)
(0.329577 0.209984 0.025334)
(0.334585 0.209981 0.025334)
(0.339593 0.209979 0.025334)
(0.344601 0.209977 0.025334)
(0.349609 0.209974 0.025334)
(0.354618 0.209972 0.025334)
(0.359626 0.209969 0.025334)
(0.364634 0.209966 0.025334)
(0.369642 0.209963 0.025334)
(0.37465 0.20996 0.025334)
(0.379658 0.209957 0.025334)
(0.384666 0.209953 0.025334)
(0.389674 0.20995 0.025334)
(0.394682 0.209947 0.025334)
(0.39969 0.209943 0.025334)
(0.404698 0.209939 0.025334)
(0.409706 0.209935 0.025334)
(0.414714 0.209931 0.025334)
(0.419722 0.209927 0.025334)
(0.42473 0.209923 0.025334)
(0.429738 0.209919 0.025334)
(0.434746 0.209914 0.025334)
(0.439754 0.20991 0.025334)
(0.444762 0.209906 0.025334)
(0.44977 0.209901 0.025334)
(0.454778 0.209896 0.025334)
(0.459786 0.209892 0.025334)
(0.464794 0.209887 0.025334)
(0.469802 0.209882 0.025334)
(0.47481 0.209877 0.025334)
(0.479818 0.209872 0.025334)
(0.484826 0.209867 0.025334)
(0.489834 0.209862 0.025334)
(0.494842 0.209856 0.025334)
(0.49985 0.209851 0.025334)
(0.504858 0.209846 0.025334)
(0.509866 0.209841 0.025334)
(0.514874 0.209835 0.025334)
(0.519881 0.20983 0.025334)
(0.524889 0.209824 0.025334)
(0.529897 0.209819 0.025334)
(0.534905 0.209814 0.025334)
(0.539913 0.209808 0.025334)
(0.544921 0.209802 0.025334)
(0.549929 0.209797 0.025334)
(0.554937 0.209791 0.025334)
(0.559944 0.209786 0.025334)
(0.564952 0.20978 0.025334)
(0.56996 0.209775 0.025334)
(0.574968 0.209769 0.025334)
(0.579976 0.209763 0.025334)
(0.584984 0.209758 0.025334)
(0.589992 0.209752 0.025334)
(0.595 0.209747 0.025334)
(0.24899 0.21 0.025334)
(0.24999 0.21 0.025334)
(0.251062 0.21 0.025334)
(0.252212 0.21 0.025334)
(0.253446 0.21 0.025334)
(0.254769 0.21 0.025334)
(0.256188 0.21 0.025334)
(0.25771 0.21 0.025334)
(0.259342 0.21 0.025334)
(0.261093 0.21 0.025334)
(0.262971 0.21 0.025334)
(0.264984 0.21 0.025334)
(0.267144 0.21 0.025334)
(0.26946 0.209999 0.025334)
(0.271944 0.209999 0.025334)
(0.274609 0.209999 0.025334)
(0.277466 0.209998 0.025334)
(0.280531 0.209998 0.025334)
(0.283818 0.209997 0.025334)
(0.287343 0.209997 0.025334)
(0.291124 0.209996 0.025334)
(0.295179 0.209995 0.025334)
(0.24899 0.19 0.025334)
(0.295175 0.189995 0.025334)
(0.29112 0.189996 0.025334)
(0.28734 0.189996 0.025334)
(0.283815 0.189997 0.025334)
(0.280528 0.189997 0.025334)
(0.277464 0.189998 0.025334)
(0.274606 0.189998 0.025334)
(0.271942 0.189998 0.025334)
(0.269458 0.189999 0.025334)
(0.267142 0.189999 0.025334)
(0.264983 0.189999 0.025334)
(0.262969 0.189999 0.025334)
(0.261092 0.189999 0.025334)
(0.259342 0.189999 0.025334)
(0.257709 0.189999 0.025334)
(0.256188 0.189999 0.025334)
(0.254769 0.19 0.025334)
(0.253446 0.19 0.025334)
(0.252212 0.19 0.025334)
(0.251062 0.19 0.025334)
(0.24999 0.19 0.025334)
(0.24899 0.195 0.025334)
(0.24899 0.2 0.025334)
(0.24899 0.205 0.025334)
(0.24999 0.195 0.025334)
(0.251062 0.195 0.025334)
(0.252212 0.195 0.025334)
(0.253446 0.195 0.025334)
(0.254769 0.195 0.025334)
(0.256188 0.195 0.025334)
(0.25771 0.195 0.025334)
(0.259342 0.195 0.025334)
(0.261092 0.195 0.025334)
(0.26297 0.194999 0.025334)
(0.264983 0.194999 0.025334)
(0.267143 0.194999 0.025334)
(0.269459 0.194999 0.025334)
(0.271943 0.194999 0.025334)
(0.274607 0.194998 0.025334)
(0.277464 0.194998 0.025334)
(0.280529 0.194998 0.025334)
(0.283815 0.194997 0.025334)
(0.28734 0.194997 0.025334)
(0.291121 0.194996 0.025334)
(0.295176 0.194995 0.025334)
(0.299524 0.194994 0.025334)
(0.304532 0.194993 0.025334)
(0.30954 0.194991 0.025334)
(0.314547 0.19499 0.025334)
(0.319555 0.194988 0.025334)
(0.324563 0.194986 0.025334)
(0.329571 0.194984 0.025334)
(0.334578 0.194982 0.025334)
(0.339586 0.19498 0.025334)
(0.344594 0.194977 0.025334)
(0.349602 0.194975 0.025334)
(0.354609 0.194972 0.025334)
(0.359617 0.194969 0.025334)
(0.364625 0.194967 0.025334)
(0.369633 0.194964 0.025334)
(0.37464 0.19496 0.025334)
(0.379648 0.194957 0.025334)
(0.384656 0.194954 0.025334)
(0.389664 0.19495 0.025334)
(0.394671 0.194947 0.025334)
(0.399679 0.194943 0.025334)
(0.404687 0.194939 0.025334)
(0.409695 0.194936 0.025334)
(0.414702 0.194932 0.025334)
(0.41971 0.194928 0.025334)
(0.424718 0.194923 0.025334)
(0.429726 0.194919 0.025334)
(0.434733 0.194915 0.025334)
(0.439741 0.19491 0.025334)
(0.444749 0.194906 0.025334)
(0.449757 0.194901 0.025334)
(0.454764 0.194897 0.025334)
(0.459772 0.194892 0.025334)
(0.46478 0.194887 0.025334)
(0.469788 0.194882 0.025334)
(0.474795 0.194877 0.025334)
(0.479803 0.194872 0.025334)
(0.484811 0.194867 0.025334)
(0.489819 0.194862 0.025334)
(0.494826 0.194857 0.025334)
(0.499834 0.194851 0.025334)
(0.504842 0.194846 0.025334)
(0.50985 0.194841 0.025334)
(0.514857 0.194835 0.025334)
(0.519865 0.19483 0.025334)
(0.524873 0.194825 0.025334)
(0.529881 0.194819 0.025334)
(0.534889 0.194814 0.025334)
(0.539896 0.194808 0.025334)
(0.544904 0.194803 0.025334)
(0.549912 0.194797 0.025334)
(0.55492 0.194792 0.025334)
(0.559928 0.194786 0.025334)
(0.564936 0.19478 0.025334)
(0.569943 0.194775 0.025334)
(0.574951 0.194769 0.025334)
(0.579959 0.194764 0.025334)
(0.584967 0.194758 0.025334)
(0.589975 0.194752 0.025334)
(0.594983 0.194747 0.025334)
(0.24999 0.2 0.025334)
(0.251062 0.2 0.025334)
(0.252212 0.2 0.025334)
(0.253446 0.2 0.025334)
(0.254769 0.2 0.025334)
(0.256188 0.2 0.025334)
(0.25771 0.2 0.025334)
(0.259342 0.2 0.025334)
(0.261093 0.2 0.025334)
(0.26297 0.2 0.025334)
(0.264984 0.2 0.025334)
(0.267143 0.199999 0.025334)
(0.269459 0.199999 0.025334)
(0.271943 0.199999 0.025334)
(0.274608 0.199999 0.025334)
(0.277465 0.199998 0.025334)
(0.28053 0.199998 0.025334)
(0.283816 0.199997 0.025334)
(0.287341 0.199997 0.025334)
(0.291122 0.199996 0.025334)
(0.295177 0.199995 0.025334)
(0.299526 0.199994 0.025334)
(0.304533 0.199993 0.025334)
(0.309541 0.199991 0.025334)
(0.314549 0.19999 0.025334)
(0.319557 0.199988 0.025334)
(0.324565 0.199986 0.025334)
(0.329573 0.199984 0.025334)
(0.334581 0.199982 0.025334)
(0.339588 0.19998 0.025334)
(0.344596 0.199977 0.025334)
(0.349604 0.199975 0.025334)
(0.354612 0.199972 0.025334)
(0.35962 0.199969 0.025334)
(0.364628 0.199966 0.025334)
(0.369636 0.199963 0.025334)
(0.374644 0.19996 0.025334)
(0.379651 0.199957 0.025334)
(0.384659 0.199954 0.025334)
(0.389667 0.19995 0.025334)
(0.394675 0.199947 0.025334)
(0.399683 0.199943 0.025334)
(0.404691 0.199939 0.025334)
(0.409699 0.199936 0.025334)
(0.414706 0.199932 0.025334)
(0.419714 0.199927 0.025334)
(0.424722 0.199923 0.025334)
(0.42973 0.199919 0.025334)
(0.434738 0.199915 0.025334)
(0.439745 0.19991 0.025334)
(0.444753 0.199906 0.025334)
(0.449761 0.199901 0.025334)
(0.454769 0.199897 0.025334)
(0.459777 0.199892 0.025334)
(0.464785 0.199887 0.025334)
(0.469792 0.199882 0.025334)
(0.4748 0.199877 0.025334)
(0.479808 0.199872 0.025334)
(0.484816 0.199867 0.025334)
(0.489824 0.199862 0.025334)
(0.494831 0.199857 0.025334)
(0.499839 0.199851 0.025334)
(0.504847 0.199846 0.025334)
(0.509855 0.199841 0.025334)
(0.514863 0.199835 0.025334)
(0.519871 0.19983 0.025334)
(0.524878 0.199825 0.025334)
(0.529886 0.199819 0.025334)
(0.534894 0.199814 0.025334)
(0.539902 0.199808 0.025334)
(0.54491 0.199803 0.025334)
(0.549918 0.199797 0.025334)
(0.554925 0.199792 0.025334)
(0.559933 0.199786 0.025334)
(0.564941 0.19978 0.025334)
(0.569949 0.199775 0.025334)
(0.574957 0.199769 0.025334)
(0.579965 0.199764 0.025334)
(0.584973 0.199758 0.025334)
(0.58998 0.199752 0.025334)
(0.594988 0.199747 0.025334)
(0.24999 0.205 0.025334)
(0.251062 0.205 0.025334)
(0.252212 0.205 0.025334)
(0.253446 0.205 0.025334)
(0.254769 0.205 0.025334)
(0.256188 0.205 0.025334)
(0.25771 0.205 0.025334)
(0.259342 0.205 0.025334)
(0.261093 0.205 0.025334)
(0.26297 0.205 0.025334)
(0.264984 0.205 0.025334)
(0.267144 0.204999 0.025334)
(0.26946 0.204999 0.025334)
(0.271944 0.204999 0.025334)
(0.274608 0.204999 0.025334)
(0.277466 0.204998 0.025334)
(0.28053 0.204998 0.025334)
(0.283817 0.204997 0.025334)
(0.287342 0.204997 0.025334)
(0.291123 0.204996 0.025334)
(0.295178 0.204995 0.025334)
(0.299527 0.204994 0.025334)
(0.304535 0.204993 0.025334)
(0.309543 0.204991 0.025334)
(0.314551 0.204989 0.025334)
(0.319559 0.204988 0.025334)
(0.324567 0.204986 0.025334)
(0.329575 0.204984 0.025334)
(0.334583 0.204982 0.025334)
(0.339591 0.204979 0.025334)
(0.344599 0.204977 0.025334)
(0.349607 0.204975 0.025334)
(0.354615 0.204972 0.025334)
(0.359623 0.204969 0.025334)
(0.364631 0.204966 0.025334)
(0.369639 0.204963 0.025334)
(0.374647 0.20496 0.025334)
(0.379655 0.204957 0.025334)
(0.384663 0.204954 0.025334)
(0.389671 0.20495 0.025334)
(0.394679 0.204947 0.025334)
(0.399687 0.204943 0.025334)
(0.404694 0.204939 0.025334)
(0.409702 0.204935 0.025334)
(0.41471 0.204931 0.025334)
(0.419718 0.204927 0.025334)
(0.424726 0.204923 0.025334)
(0.429734 0.204919 0.025334)
(0.434742 0.204915 0.025334)
(0.43975 0.20491 0.025334)
(0.444758 0.204906 0.025334)
(0.449766 0.204901 0.025334)
(0.454774 0.204896 0.025334)
(0.459782 0.204892 0.025334)
(0.464789 0.204887 0.025334)
(0.469797 0.204882 0.025334)
(0.474805 0.204877 0.025334)
(0.479813 0.204872 0.025334)
(0.484821 0.204867 0.025334)
(0.489829 0.204862 0.025334)
(0.494837 0.204857 0.025334)
(0.499845 0.204851 0.025334)
(0.504852 0.204846 0.025334)
(0.50986 0.204841 0.025334)
(0.514868 0.204835 0.025334)
(0.519876 0.20483 0.025334)
(0.524884 0.204825 0.025334)
(0.529892 0.204819 0.025334)
(0.5349 0.204814 0.025334)
(0.539907 0.204808 0.025334)
(0.544915 0.204803 0.025334)
(0.549923 0.204797 0.025334)
(0.554931 0.204791 0.025334)
(0.559939 0.204786 0.025334)
(0.564947 0.20478 0.025334)
(0.569955 0.204775 0.025334)
(0.574962 0.204769 0.025334)
(0.57997 0.204764 0.025334)
(0.584978 0.204758 0.025334)
(0.589986 0.204752 0.025334)
(0.594994 0.204747 0.025334)
(0.299528 0.209994 -0.025334)
(0.299523 0.189994 -0.025334)
(0.599985 0.189741 -0.025334)
(0.594977 0.189747 -0.025334)
(0.589969 0.189752 -0.025334)
(0.584961 0.189758 -0.025334)
(0.579954 0.189764 -0.025334)
(0.574946 0.189769 -0.025334)
(0.569938 0.189775 -0.025334)
(0.56493 0.18978 -0.025334)
(0.559922 0.189786 -0.025334)
(0.554914 0.189792 -0.025334)
(0.549907 0.189797 -0.025334)
(0.544899 0.189803 -0.025334)
(0.539891 0.189808 -0.025334)
(0.534883 0.189814 -0.025334)
(0.529875 0.189819 -0.025334)
(0.524868 0.189825 -0.025334)
(0.51986 0.18983 -0.025334)
(0.514852 0.189836 -0.025334)
(0.509844 0.189841 -0.025334)
(0.504837 0.189846 -0.025334)
(0.499829 0.189851 -0.025334)
(0.494821 0.189857 -0.025334)
(0.489813 0.189862 -0.025334)
(0.484806 0.189867 -0.025334)
(0.479798 0.189872 -0.025334)
(0.47479 0.189877 -0.025334)
(0.469783 0.189882 -0.025334)
(0.464775 0.189887 -0.025334)
(0.459767 0.189892 -0.025334)
(0.45476 0.189897 -0.025334)
(0.449752 0.189901 -0.025334)
(0.444744 0.189906 -0.025334)
(0.439737 0.18991 -0.025334)
(0.434729 0.189915 -0.025334)
(0.429721 0.189919 -0.025334)
(0.424714 0.189923 -0.025334)
(0.419706 0.189928 -0.025334)
(0.414698 0.189932 -0.025334)
(0.409691 0.189936 -0.025334)
(0.404683 0.189939 -0.025334)
(0.399676 0.189943 -0.025334)
(0.394668 0.189947 -0.025334)
(0.38966 0.18995 -0.025334)
(0.384653 0.189954 -0.025334)
(0.379645 0.189957 -0.025334)
(0.374637 0.18996 -0.025334)
(0.36963 0.189964 -0.025334)
(0.364622 0.189967 -0.025334)
(0.359614 0.189969 -0.025334)
(0.354607 0.189972 -0.025334)
(0.349599 0.189975 -0.025334)
(0.344592 0.189977 -0.025334)
(0.339584 0.18998 -0.025334)
(0.334576 0.189982 -0.025334)
(0.329569 0.189984 -0.025334)
(0.324561 0.189986 -0.025334)
(0.319553 0.189988 -0.025334)
(0.314546 0.18999 -0.025334)
(0.309538 0.189991 -0.025334)
(0.304531 0.189993 -0.025334)
(0.599996 0.199741 -0.025334)
(0.599991 0.194741 -0.025334)
(0.600007 0.209741 -0.025334)
(0.600002 0.204741 -0.025334)
(0.304536 0.209992 -0.025334)
(0.309544 0.209991 -0.025334)
(0.314552 0.209989 -0.025334)
(0.319561 0.209988 -0.025334)
(0.324569 0.209986 -0.025334)
(0.329577 0.209984 -0.025334)
(0.334585 0.209981 -0.025334)
(0.339593 0.209979 -0.025334)
(0.344601 0.209977 -0.025334)
(0.349609 0.209974 -0.025334)
(0.354618 0.209972 -0.025334)
(0.359626 0.209969 -0.025334)
(0.364634 0.209966 -0.025334)
(0.369642 0.209963 -0.025334)
(0.37465 0.20996 -0.025334)
(0.379658 0.209957 -0.025334)
(0.384666 0.209953 -0.025334)
(0.389674 0.20995 -0.025334)
(0.394682 0.209947 -0.025334)
(0.39969 0.209943 -0.025334)
(0.404698 0.209939 -0.025334)
(0.409706 0.209935 -0.025334)
(0.414714 0.209931 -0.025334)
(0.419722 0.209927 -0.025334)
(0.42473 0.209923 -0.025334)
(0.429738 0.209919 -0.025334)
(0.434746 0.209914 -0.025334)
(0.439754 0.20991 -0.025334)
(0.444762 0.209906 -0.025334)
(0.44977 0.209901 -0.025334)
(0.454778 0.209896 -0.025334)
(0.459786 0.209892 -0.025334)
(0.464794 0.209887 -0.025334)
(0.469802 0.209882 -0.025334)
(0.47481 0.209877 -0.025334)
(0.479818 0.209872 -0.025334)
(0.484826 0.209867 -0.025334)
(0.489834 0.209862 -0.025334)
(0.494842 0.209856 -0.025334)
(0.49985 0.209851 -0.025334)
(0.504858 0.209846 -0.025334)
(0.509866 0.209841 -0.025334)
(0.514874 0.209835 -0.025334)
(0.519881 0.20983 -0.025334)
(0.524889 0.209824 -0.025334)
(0.529897 0.209819 -0.025334)
(0.534905 0.209814 -0.025334)
(0.539913 0.209808 -0.025334)
(0.544921 0.209802 -0.025334)
(0.549929 0.209797 -0.025334)
(0.554937 0.209791 -0.025334)
(0.559944 0.209786 -0.025334)
(0.564952 0.20978 -0.025334)
(0.56996 0.209775 -0.025334)
(0.574968 0.209769 -0.025334)
(0.579976 0.209763 -0.025334)
(0.584984 0.209758 -0.025334)
(0.589992 0.209752 -0.025334)
(0.595 0.209747 -0.025334)
(0.24899 0.21 -0.025334)
(0.24999 0.21 -0.025334)
(0.251062 0.21 -0.025334)
(0.252212 0.21 -0.025334)
(0.253446 0.21 -0.025334)
(0.254769 0.21 -0.025334)
(0.256188 0.21 -0.025334)
(0.25771 0.21 -0.025334)
(0.259342 0.21 -0.025334)
(0.261093 0.21 -0.025334)
(0.262971 0.21 -0.025334)
(0.264984 0.21 -0.025334)
(0.267144 0.21 -0.025334)
(0.26946 0.209999 -0.025334)
(0.271944 0.209999 -0.025334)
(0.274609 0.209999 -0.025334)
(0.277466 0.209998 -0.025334)
(0.280531 0.209998 -0.025334)
(0.283818 0.209997 -0.025334)
(0.287343 0.209997 -0.025334)
(0.291124 0.209996 -0.025334)
(0.295179 0.209995 -0.025334)
(0.24899 0.19 -0.025334)
(0.295175 0.189995 -0.025334)
(0.29112 0.189996 -0.025334)
(0.28734 0.189996 -0.025334)
(0.283815 0.189997 -0.025334)
(0.280528 0.189997 -0.025334)
(0.277464 0.189998 -0.025334)
(0.274606 0.189998 -0.025334)
(0.271942 0.189998 -0.025334)
(0.269458 0.189999 -0.025334)
(0.267142 0.189999 -0.025334)
(0.264983 0.189999 -0.025334)
(0.262969 0.189999 -0.025334)
(0.261092 0.189999 -0.025334)
(0.259342 0.189999 -0.025334)
(0.257709 0.189999 -0.025334)
(0.256188 0.189999 -0.025334)
(0.254769 0.19 -0.025334)
(0.253446 0.19 -0.025334)
(0.252212 0.19 -0.025334)
(0.251062 0.19 -0.025334)
(0.24999 0.19 -0.025334)
(0.24899 0.195 -0.025334)
(0.24899 0.2 -0.025334)
(0.24899 0.205 -0.025334)
(0.24999 0.195 -0.025334)
(0.251062 0.195 -0.025334)
(0.252212 0.195 -0.025334)
(0.253446 0.195 -0.025334)
(0.254769 0.195 -0.025334)
(0.256188 0.195 -0.025334)
(0.25771 0.195 -0.025334)
(0.259342 0.195 -0.025334)
(0.261092 0.195 -0.025334)
(0.26297 0.194999 -0.025334)
(0.264983 0.194999 -0.025334)
(0.267143 0.194999 -0.025334)
(0.269459 0.194999 -0.025334)
(0.271943 0.194999 -0.025334)
(0.274607 0.194998 -0.025334)
(0.277464 0.194998 -0.025334)
(0.280529 0.194998 -0.025334)
(0.283815 0.194997 -0.025334)
(0.28734 0.194997 -0.025334)
(0.291121 0.194996 -0.025334)
(0.295176 0.194995 -0.025334)
(0.299524 0.194994 -0.025334)
(0.304532 0.194993 -0.025334)
(0.30954 0.194991 -0.025334)
(0.314547 0.19499 -0.025334)
(0.319555 0.194988 -0.025334)
(0.324563 0.194986 -0.025334)
(0.329571 0.194984 -0.025334)
(0.334578 0.194982 -0.025334)
(0.339586 0.19498 -0.025334)
(0.344594 0.194977 -0.025334)
(0.349602 0.194975 -0.025334)
(0.354609 0.194972 -0.025334)
(0.359617 0.194969 -0.025334)
(0.364625 0.194967 -0.025334)
(0.369633 0.194964 -0.025334)
(0.37464 0.19496 -0.025334)
(0.379648 0.194957 -0.025334)
(0.384656 0.194954 -0.025334)
(0.389664 0.19495 -0.025334)
(0.394671 0.194947 -0.025334)
(0.399679 0.194943 -0.025334)
(0.404687 0.194939 -0.025334)
(0.409695 0.194936 -0.025334)
(0.414702 0.194932 -0.025334)
(0.41971 0.194928 -0.025334)
(0.424718 0.194923 -0.025334)
(0.429726 0.194919 -0.025334)
(0.434733 0.194915 -0.025334)
(0.439741 0.19491 -0.025334)
(0.444749 0.194906 -0.025334)
(0.449757 0.194901 -0.025334)
(0.454764 0.194897 -0.025334)
(0.459772 0.194892 -0.025334)
(0.46478 0.194887 -0.025334)
(0.469788 0.194882 -0.025334)
(0.474795 0.194877 -0.025334)
(0.479803 0.194872 -0.025334)
(0.484811 0.194867 -0.025334)
(0.489819 0.194862 -0.025334)
(0.494826 0.194857 -0.025334)
(0.499834 0.194851 -0.025334)
(0.504842 0.194846 -0.025334)
(0.50985 0.194841 -0.025334)
(0.514857 0.194835 -0.025334)
(0.519865 0.19483 -0.025334)
(0.524873 0.194825 -0.025334)
(0.529881 0.194819 -0.025334)
(0.534889 0.194814 -0.025334)
(0.539896 0.194808 -0.025334)
(0.544904 0.194803 -0.025334)
(0.549912 0.194797 -0.025334)
(0.55492 0.194792 -0.025334)
(0.559928 0.194786 -0.025334)
(0.564936 0.19478 -0.025334)
(0.569943 0.194775 -0.025334)
(0.574951 0.194769 -0.025334)
(0.579959 0.194764 -0.025334)
(0.584967 0.194758 -0.025334)
(0.589975 0.194752 -0.025334)
(0.594983 0.194747 -0.025334)
(0.24999 0.2 -0.025334)
(0.251062 0.2 -0.025334)
(0.252212 0.2 -0.025334)
(0.253446 0.2 -0.025334)
(0.254769 0.2 -0.025334)
(0.256188 0.2 -0.025334)
(0.25771 0.2 -0.025334)
(0.259342 0.2 -0.025334)
(0.261093 0.2 -0.025334)
(0.26297 0.2 -0.025334)
(0.264984 0.2 -0.025334)
(0.267143 0.199999 -0.025334)
(0.269459 0.199999 -0.025334)
(0.271943 0.199999 -0.025334)
(0.274608 0.199999 -0.025334)
(0.277465 0.199998 -0.025334)
(0.28053 0.199998 -0.025334)
(0.283816 0.199997 -0.025334)
(0.287341 0.199997 -0.025334)
(0.291122 0.199996 -0.025334)
(0.295177 0.199995 -0.025334)
(0.299526 0.199994 -0.025334)
(0.304533 0.199993 -0.025334)
(0.309541 0.199991 -0.025334)
(0.314549 0.19999 -0.025334)
(0.319557 0.199988 -0.025334)
(0.324565 0.199986 -0.025334)
(0.329573 0.199984 -0.025334)
(0.334581 0.199982 -0.025334)
(0.339588 0.19998 -0.025334)
(0.344596 0.199977 -0.025334)
(0.349604 0.199975 -0.025334)
(0.354612 0.199972 -0.025334)
(0.35962 0.199969 -0.025334)
(0.364628 0.199966 -0.025334)
(0.369636 0.199963 -0.025334)
(0.374644 0.19996 -0.025334)
(0.379651 0.199957 -0.025334)
(0.384659 0.199954 -0.025334)
(0.389667 0.19995 -0.025334)
(0.394675 0.199947 -0.025334)
(0.399683 0.199943 -0.025334)
(0.404691 0.199939 -0.025334)
(0.409699 0.199936 -0.025334)
(0.414706 0.199932 -0.025334)
(0.419714 0.199927 -0.025334)
(0.424722 0.199923 -0.025334)
(0.42973 0.199919 -0.025334)
(0.434738 0.199915 -0.025334)
(0.439745 0.19991 -0.025334)
(0.444753 0.199906 -0.025334)
(0.449761 0.199901 -0.025334)
(0.454769 0.199897 -0.025334)
(0.459777 0.199892 -0.025334)
(0.464785 0.199887 -0.025334)
(0.469792 0.199882 -0.025334)
(0.4748 0.199877 -0.025334)
(0.479808 0.199872 -0.025334)
(0.484816 0.199867 -0.025334)
(0.489824 0.199862 -0.025334)
(0.494831 0.199857 -0.025334)
(0.499839 0.199851 -0.025334)
(0.504847 0.199846 -0.025334)
(0.509855 0.199841 -0.025334)
(0.514863 0.199835 -0.025334)
(0.519871 0.19983 -0.025334)
(0.524878 0.199825 -0.025334)
(0.529886 0.199819 -0.025334)
(0.534894 0.199814 -0.025334)
(0.539902 0.199808 -0.025334)
(0.54491 0.199803 -0.025334)
(0.549918 0.199797 -0.025334)
(0.554925 0.199792 -0.025334)
(0.559933 0.199786 -0.025334)
(0.564941 0.19978 -0.025334)
(0.569949 0.199775 -0.025334)
(0.574957 0.199769 -0.025334)
(0.579965 0.199764 -0.025334)
(0.584973 0.199758 -0.025334)
(0.58998 0.199752 -0.025334)
(0.594988 0.199747 -0.025334)
(0.24999 0.205 -0.025334)
(0.251062 0.205 -0.025334)
(0.252212 0.205 -0.025334)
(0.253446 0.205 -0.025334)
(0.254769 0.205 -0.025334)
(0.256188 0.205 -0.025334)
(0.25771 0.205 -0.025334)
(0.259342 0.205 -0.025334)
(0.261093 0.205 -0.025334)
(0.26297 0.205 -0.025334)
(0.264984 0.205 -0.025334)
(0.267144 0.204999 -0.025334)
(0.26946 0.204999 -0.025334)
(0.271944 0.204999 -0.025334)
(0.274608 0.204999 -0.025334)
(0.277466 0.204998 -0.025334)
(0.28053 0.204998 -0.025334)
(0.283817 0.204997 -0.025334)
(0.287342 0.204997 -0.025334)
(0.291123 0.204996 -0.025334)
(0.295178 0.204995 -0.025334)
(0.299527 0.204994 -0.025334)
(0.304535 0.204993 -0.025334)
(0.309543 0.204991 -0.025334)
(0.314551 0.204989 -0.025334)
(0.319559 0.204988 -0.025334)
(0.324567 0.204986 -0.025334)
(0.329575 0.204984 -0.025334)
(0.334583 0.204982 -0.025334)
(0.339591 0.204979 -0.025334)
(0.344599 0.204977 -0.025334)
(0.349607 0.204975 -0.025334)
(0.354615 0.204972 -0.025334)
(0.359623 0.204969 -0.025334)
(0.364631 0.204966 -0.025334)
(0.369639 0.204963 -0.025334)
(0.374647 0.20496 -0.025334)
(0.379655 0.204957 -0.025334)
(0.384663 0.204954 -0.025334)
(0.389671 0.20495 -0.025334)
(0.394679 0.204947 -0.025334)
(0.399687 0.204943 -0.025334)
(0.404694 0.204939 -0.025334)
(0.409702 0.204935 -0.025334)
(0.41471 0.204931 -0.025334)
(0.419718 0.204927 -0.025334)
(0.424726 0.204923 -0.025334)
(0.429734 0.204919 -0.025334)
(0.434742 0.204915 -0.025334)
(0.43975 0.20491 -0.025334)
(0.444758 0.204906 -0.025334)
(0.449766 0.204901 -0.025334)
(0.454774 0.204896 -0.025334)
(0.459782 0.204892 -0.025334)
(0.464789 0.204887 -0.025334)
(0.469797 0.204882 -0.025334)
(0.474805 0.204877 -0.025334)
(0.479813 0.204872 -0.025334)
(0.484821 0.204867 -0.025334)
(0.489829 0.204862 -0.025334)
(0.494837 0.204857 -0.025334)
(0.499845 0.204851 -0.025334)
(0.504852 0.204846 -0.025334)
(0.50986 0.204841 -0.025334)
(0.514868 0.204835 -0.025334)
(0.519876 0.20483 -0.025334)
(0.524884 0.204825 -0.025334)
(0.529892 0.204819 -0.025334)
(0.5349 0.204814 -0.025334)
(0.539907 0.204808 -0.025334)
(0.544915 0.204803 -0.025334)
(0.549923 0.204797 -0.025334)
(0.554931 0.204791 -0.025334)
(0.559939 0.204786 -0.025334)
(0.564947 0.20478 -0.025334)
(0.569955 0.204775 -0.025334)
(0.574962 0.204769 -0.025334)
(0.57997 0.204764 -0.025334)
(0.584978 0.204758 -0.025334)
(0.589986 0.204752 -0.025334)
(0.594994 0.204747 -0.025334)
)


// ************************************************************************* //
