/*--------------------------------*- C++ -*----------------------------------*\
| =========                 |                                                 |
| \\      /  F ield         | OpenFOAM Extend Project: Open source CFD        |
|  \\    /   O peration     | Version:  1.6-ext                               |
|   \\  /    A nd           | Web:      www.extend-project.de                 |
|    \\/     M anipulation  |                                                 |
\*---------------------------------------------------------------------------*/
FoamFile
{
    version     2.0;
    format      ascii;
    class       vectorField;
    location    "0.25/polyMesh";
    object      points;
}
// * * * * * * * * * * * * * * * * * * * * * * * * * * * * * * * * * * * * * //


830
(
(0.299539 0.20999 0.025334)
(0.299532 0.189992 0.025334)
(0.600034 0.189695 0.025334)
(0.595026 0.189701 0.025334)
(0.590018 0.189707 0.025334)
(0.58501 0.189713 0.025334)
(0.580002 0.189718 0.025334)
(0.574994 0.189724 0.025334)
(0.569986 0.18973 0.025334)
(0.564978 0.189736 0.025334)
(0.55997 0.189742 0.025334)
(0.554962 0.189748 0.025334)
(0.549954 0.189754 0.025334)
(0.544946 0.18976 0.025334)
(0.539938 0.189766 0.025334)
(0.534929 0.189772 0.025334)
(0.529921 0.189777 0.025334)
(0.524913 0.189783 0.025334)
(0.519905 0.189789 0.025334)
(0.514897 0.189795 0.025334)
(0.509888 0.189801 0.025334)
(0.50488 0.189807 0.025334)
(0.499872 0.189813 0.025334)
(0.494863 0.189818 0.025334)
(0.489855 0.189824 0.025334)
(0.484847 0.18983 0.025334)
(0.479838 0.189836 0.025334)
(0.47483 0.189841 0.025334)
(0.469822 0.189847 0.025334)
(0.464813 0.189853 0.025334)
(0.459805 0.189858 0.025334)
(0.454796 0.189864 0.025334)
(0.449788 0.18987 0.025334)
(0.444779 0.189875 0.025334)
(0.439771 0.189881 0.025334)
(0.434762 0.189886 0.025334)
(0.429754 0.189891 0.025334)
(0.424745 0.189897 0.025334)
(0.419737 0.189902 0.025334)
(0.414728 0.189907 0.025334)
(0.40972 0.189912 0.025334)
(0.404711 0.189917 0.025334)
(0.399703 0.189922 0.025334)
(0.394694 0.189927 0.025334)
(0.389685 0.189932 0.025334)
(0.384677 0.189936 0.025334)
(0.379668 0.189941 0.025334)
(0.37466 0.189945 0.025334)
(0.369651 0.18995 0.025334)
(0.364642 0.189954 0.025334)
(0.359634 0.189958 0.025334)
(0.354625 0.189962 0.025334)
(0.349617 0.189965 0.025334)
(0.344608 0.189969 0.025334)
(0.3396 0.189972 0.025334)
(0.334591 0.189975 0.025334)
(0.329582 0.189978 0.025334)
(0.324574 0.189981 0.025334)
(0.319566 0.189984 0.025334)
(0.314557 0.189986 0.025334)
(0.309549 0.189989 0.025334)
(0.30454 0.189991 0.025334)
(0.600045 0.199695 0.025334)
(0.60004 0.194695 0.025334)
(0.600057 0.209695 0.025334)
(0.600051 0.204695 0.025334)
(0.304548 0.209988 0.025334)
(0.309557 0.209986 0.025334)
(0.314567 0.209984 0.025334)
(0.319576 0.209981 0.025334)
(0.324585 0.209979 0.025334)
(0.329594 0.209976 0.025334)
(0.334603 0.209973 0.025334)
(0.339613 0.209969 0.025334)
(0.344622 0.209966 0.025334)
(0.349631 0.209962 0.025334)
(0.35464 0.209959 0.025334)
(0.359649 0.209955 0.025334)
(0.364659 0.209951 0.025334)
(0.369668 0.209947 0.025334)
(0.374677 0.209942 0.025334)
(0.379686 0.209938 0.025334)
(0.384695 0.209934 0.025334)
(0.389704 0.209929 0.025334)
(0.394713 0.209924 0.025334)
(0.399722 0.20992 0.025334)
(0.404731 0.209915 0.025334)
(0.40974 0.20991 0.025334)
(0.414749 0.209905 0.025334)
(0.419757 0.2099 0.025334)
(0.424766 0.209894 0.025334)
(0.429775 0.209889 0.025334)
(0.434784 0.209884 0.025334)
(0.439792 0.209878 0.025334)
(0.444801 0.209873 0.025334)
(0.44981 0.209868 0.025334)
(0.454818 0.209862 0.025334)
(0.459827 0.209856 0.025334)
(0.464836 0.209851 0.025334)
(0.469844 0.209845 0.025334)
(0.474853 0.20984 0.025334)
(0.479861 0.209834 0.025334)
(0.48487 0.209828 0.025334)
(0.489878 0.209823 0.025334)
(0.494886 0.209817 0.025334)
(0.499895 0.209811 0.025334)
(0.504903 0.209805 0.025334)
(0.509912 0.2098 0.025334)
(0.51492 0.209794 0.025334)
(0.519928 0.209788 0.025334)
(0.524936 0.209782 0.025334)
(0.529945 0.209776 0.025334)
(0.534953 0.20977 0.025334)
(0.539961 0.209765 0.025334)
(0.544969 0.209759 0.025334)
(0.549977 0.209753 0.025334)
(0.554985 0.209747 0.025334)
(0.559993 0.209741 0.025334)
(0.565002 0.209736 0.025334)
(0.57001 0.20973 0.025334)
(0.575018 0.209724 0.025334)
(0.580026 0.209718 0.025334)
(0.585033 0.209712 0.025334)
(0.590041 0.209706 0.025334)
(0.595049 0.209701 0.025334)
(0.24899 0.21 0.025334)
(0.24999 0.21 0.025334)
(0.251063 0.209999 0.025334)
(0.252213 0.209999 0.025334)
(0.253447 0.209999 0.025334)
(0.254771 0.209999 0.025334)
(0.25619 0.209999 0.025334)
(0.257712 0.209999 0.025334)
(0.259345 0.209999 0.025334)
(0.261096 0.209999 0.025334)
(0.262974 0.209998 0.025334)
(0.264988 0.209998 0.025334)
(0.267148 0.209998 0.025334)
(0.269465 0.209998 0.025334)
(0.271949 0.209997 0.025334)
(0.274614 0.209997 0.025334)
(0.277472 0.209996 0.025334)
(0.280538 0.209996 0.025334)
(0.283826 0.209995 0.025334)
(0.287352 0.209994 0.025334)
(0.291133 0.209993 0.025334)
(0.295189 0.209992 0.025334)
(0.24899 0.19 0.025334)
(0.295183 0.189994 0.025334)
(0.291127 0.189995 0.025334)
(0.287346 0.189996 0.025334)
(0.283821 0.189997 0.025334)
(0.280534 0.189998 0.025334)
(0.277469 0.189998 0.025334)
(0.274611 0.189999 0.025334)
(0.271946 0.189999 0.025334)
(0.269462 0.19 0.025334)
(0.267146 0.19 0.025334)
(0.264986 0.19 0.025334)
(0.262972 0.19 0.025334)
(0.261094 0.19 0.025334)
(0.259343 0.190001 0.025334)
(0.257711 0.190001 0.025334)
(0.256189 0.190001 0.025334)
(0.25477 0.190001 0.025334)
(0.253447 0.190001 0.025334)
(0.252213 0.190001 0.025334)
(0.251063 0.19 0.025334)
(0.24999 0.19 0.025334)
(0.24899 0.195 0.025334)
(0.24899 0.2 0.025334)
(0.24899 0.205 0.025334)
(0.24999 0.195 0.025334)
(0.251062 0.195 0.025334)
(0.252213 0.195 0.025334)
(0.253447 0.195 0.025334)
(0.25477 0.195 0.025334)
(0.256189 0.195 0.025334)
(0.257711 0.195 0.025334)
(0.259344 0.195 0.025334)
(0.261095 0.195 0.025334)
(0.262972 0.195 0.025334)
(0.264986 0.195 0.025334)
(0.267146 0.195 0.025334)
(0.269463 0.194999 0.025334)
(0.271947 0.194999 0.025334)
(0.274612 0.194999 0.025334)
(0.27747 0.194998 0.025334)
(0.280535 0.194997 0.025334)
(0.283822 0.194997 0.025334)
(0.287348 0.194996 0.025334)
(0.291129 0.194995 0.025334)
(0.295184 0.194994 0.025334)
(0.299534 0.194992 0.025334)
(0.304542 0.19499 0.025334)
(0.309551 0.194988 0.025334)
(0.314559 0.194986 0.025334)
(0.319568 0.194983 0.025334)
(0.324577 0.194981 0.025334)
(0.329585 0.194978 0.025334)
(0.334594 0.194975 0.025334)
(0.339603 0.194972 0.025334)
(0.344612 0.194968 0.025334)
(0.34962 0.194965 0.025334)
(0.354629 0.194961 0.025334)
(0.359638 0.194957 0.025334)
(0.364646 0.194953 0.025334)
(0.369655 0.194949 0.025334)
(0.374664 0.194945 0.025334)
(0.379673 0.19494 0.025334)
(0.384681 0.194936 0.025334)
(0.38969 0.194931 0.025334)
(0.394699 0.194926 0.025334)
(0.399707 0.194922 0.025334)
(0.404716 0.194917 0.025334)
(0.409725 0.194912 0.025334)
(0.414733 0.194907 0.025334)
(0.419742 0.194901 0.025334)
(0.424751 0.194896 0.025334)
(0.429759 0.194891 0.025334)
(0.434768 0.194886 0.025334)
(0.439776 0.19488 0.025334)
(0.444785 0.194875 0.025334)
(0.449793 0.194869 0.025334)
(0.454802 0.194864 0.025334)
(0.45981 0.194858 0.025334)
(0.464819 0.194852 0.025334)
(0.469827 0.194847 0.025334)
(0.474836 0.194841 0.025334)
(0.479844 0.194835 0.025334)
(0.484852 0.19483 0.025334)
(0.489861 0.194824 0.025334)
(0.494869 0.194818 0.025334)
(0.499878 0.194812 0.025334)
(0.504886 0.194806 0.025334)
(0.509894 0.194801 0.025334)
(0.514902 0.194795 0.025334)
(0.519911 0.194789 0.025334)
(0.524919 0.194783 0.025334)
(0.529927 0.194777 0.025334)
(0.534935 0.194771 0.025334)
(0.539943 0.194765 0.025334)
(0.544952 0.19476 0.025334)
(0.54996 0.194754 0.025334)
(0.554968 0.194748 0.025334)
(0.559976 0.194742 0.025334)
(0.564984 0.194736 0.025334)
(0.569992 0.19473 0.025334)
(0.575 0.194724 0.025334)
(0.580008 0.194718 0.025334)
(0.585016 0.194712 0.025334)
(0.590024 0.194707 0.025334)
(0.595032 0.194701 0.025334)
(0.24999 0.2 0.025334)
(0.251063 0.2 0.025334)
(0.252213 0.2 0.025334)
(0.253447 0.2 0.025334)
(0.25477 0.2 0.025334)
(0.256189 0.2 0.025334)
(0.257711 0.2 0.025334)
(0.259344 0.2 0.025334)
(0.261095 0.2 0.025334)
(0.262973 0.2 0.025334)
(0.264987 0.199999 0.025334)
(0.267147 0.199999 0.025334)
(0.269463 0.199999 0.025334)
(0.271948 0.199999 0.025334)
(0.274613 0.199998 0.025334)
(0.277471 0.199998 0.025334)
(0.280536 0.199997 0.025334)
(0.283823 0.199996 0.025334)
(0.287349 0.199995 0.025334)
(0.29113 0.199994 0.025334)
(0.295186 0.199993 0.025334)
(0.299536 0.199992 0.025334)
(0.304544 0.19999 0.025334)
(0.309553 0.199988 0.025334)
(0.314562 0.199985 0.025334)
(0.319571 0.199983 0.025334)
(0.32458 0.19998 0.025334)
(0.329588 0.199977 0.025334)
(0.334597 0.199974 0.025334)
(0.339606 0.199971 0.025334)
(0.344615 0.199968 0.025334)
(0.349624 0.199964 0.025334)
(0.354633 0.19996 0.025334)
(0.359642 0.199956 0.025334)
(0.36465 0.199952 0.025334)
(0.369659 0.199948 0.025334)
(0.374668 0.199944 0.025334)
(0.379677 0.19994 0.025334)
(0.384686 0.199935 0.025334)
(0.389695 0.199931 0.025334)
(0.394703 0.199926 0.025334)
(0.399712 0.199921 0.025334)
(0.404721 0.199916 0.025334)
(0.40973 0.199911 0.025334)
(0.414738 0.199906 0.025334)
(0.419747 0.199901 0.025334)
(0.424756 0.199896 0.025334)
(0.429764 0.19989 0.025334)
(0.434773 0.199885 0.025334)
(0.439782 0.19988 0.025334)
(0.44479 0.199874 0.025334)
(0.449799 0.199869 0.025334)
(0.454807 0.199863 0.025334)
(0.459816 0.199858 0.025334)
(0.464824 0.199852 0.025334)
(0.469833 0.199846 0.025334)
(0.474841 0.199841 0.025334)
(0.47985 0.199835 0.025334)
(0.484858 0.199829 0.025334)
(0.489867 0.199823 0.025334)
(0.494875 0.199818 0.025334)
(0.499883 0.199812 0.025334)
(0.504892 0.199806 0.025334)
(0.5099 0.1998 0.025334)
(0.514908 0.199794 0.025334)
(0.519916 0.199789 0.025334)
(0.524925 0.199783 0.025334)
(0.529933 0.199777 0.025334)
(0.534941 0.199771 0.025334)
(0.539949 0.199765 0.025334)
(0.544957 0.199759 0.025334)
(0.549966 0.199753 0.025334)
(0.554974 0.199748 0.025334)
(0.559982 0.199742 0.025334)
(0.56499 0.199736 0.025334)
(0.569998 0.19973 0.025334)
(0.575006 0.199724 0.025334)
(0.580014 0.199718 0.025334)
(0.585022 0.199712 0.025334)
(0.59003 0.199707 0.025334)
(0.595038 0.199701 0.025334)
(0.24999 0.205 0.025334)
(0.251063 0.205 0.025334)
(0.252213 0.205 0.025334)
(0.253447 0.205 0.025334)
(0.25477 0.205 0.025334)
(0.25619 0.204999 0.025334)
(0.257712 0.204999 0.025334)
(0.259344 0.204999 0.025334)
(0.261095 0.204999 0.025334)
(0.262973 0.204999 0.025334)
(0.264987 0.204999 0.025334)
(0.267147 0.204999 0.025334)
(0.269464 0.204998 0.025334)
(0.271949 0.204998 0.025334)
(0.274614 0.204998 0.025334)
(0.277472 0.204997 0.025334)
(0.280537 0.204996 0.025334)
(0.283824 0.204996 0.025334)
(0.28735 0.204995 0.025334)
(0.291132 0.204994 0.025334)
(0.295188 0.204992 0.025334)
(0.299537 0.204991 0.025334)
(0.304546 0.204989 0.025334)
(0.309555 0.204987 0.025334)
(0.314564 0.204985 0.025334)
(0.319573 0.204982 0.025334)
(0.324582 0.204979 0.025334)
(0.329591 0.204976 0.025334)
(0.3346 0.204973 0.025334)
(0.339609 0.20497 0.025334)
(0.344618 0.204967 0.025334)
(0.349627 0.204963 0.025334)
(0.354636 0.20496 0.025334)
(0.359645 0.204956 0.025334)
(0.364654 0.204952 0.025334)
(0.369663 0.204948 0.025334)
(0.374672 0.204943 0.025334)
(0.379681 0.204939 0.025334)
(0.38469 0.204934 0.025334)
(0.389699 0.20493 0.025334)
(0.394708 0.204925 0.025334)
(0.399717 0.20492 0.025334)
(0.404726 0.204915 0.025334)
(0.409735 0.20491 0.025334)
(0.414743 0.204905 0.025334)
(0.419752 0.2049 0.025334)
(0.424761 0.204895 0.025334)
(0.42977 0.20489 0.025334)
(0.434778 0.204884 0.025334)
(0.439787 0.204879 0.025334)
(0.444796 0.204874 0.025334)
(0.449804 0.204868 0.025334)
(0.454813 0.204863 0.025334)
(0.459821 0.204857 0.025334)
(0.46483 0.204851 0.025334)
(0.469839 0.204846 0.025334)
(0.474847 0.20484 0.025334)
(0.479855 0.204834 0.025334)
(0.484864 0.204829 0.025334)
(0.489872 0.204823 0.025334)
(0.494881 0.204817 0.025334)
(0.499889 0.204811 0.025334)
(0.504897 0.204806 0.025334)
(0.509906 0.2048 0.025334)
(0.514914 0.204794 0.025334)
(0.519922 0.204788 0.025334)
(0.524931 0.204782 0.025334)
(0.529939 0.204777 0.025334)
(0.534947 0.204771 0.025334)
(0.539955 0.204765 0.025334)
(0.544963 0.204759 0.025334)
(0.549971 0.204753 0.025334)
(0.554979 0.204747 0.025334)
(0.559988 0.204742 0.025334)
(0.564996 0.204736 0.025334)
(0.570004 0.20473 0.025334)
(0.575012 0.204724 0.025334)
(0.58002 0.204718 0.025334)
(0.585028 0.204712 0.025334)
(0.590036 0.204706 0.025334)
(0.595043 0.204701 0.025334)
(0.299539 0.20999 -0.025334)
(0.299532 0.189992 -0.025334)
(0.600034 0.189695 -0.025334)
(0.595026 0.189701 -0.025334)
(0.590018 0.189707 -0.025334)
(0.58501 0.189713 -0.025334)
(0.580002 0.189718 -0.025334)
(0.574994 0.189724 -0.025334)
(0.569986 0.18973 -0.025334)
(0.564978 0.189736 -0.025334)
(0.55997 0.189742 -0.025334)
(0.554962 0.189748 -0.025334)
(0.549954 0.189754 -0.025334)
(0.544946 0.18976 -0.025334)
(0.539938 0.189766 -0.025334)
(0.534929 0.189772 -0.025334)
(0.529921 0.189777 -0.025334)
(0.524913 0.189783 -0.025334)
(0.519905 0.189789 -0.025334)
(0.514897 0.189795 -0.025334)
(0.509888 0.189801 -0.025334)
(0.50488 0.189807 -0.025334)
(0.499872 0.189813 -0.025334)
(0.494863 0.189818 -0.025334)
(0.489855 0.189824 -0.025334)
(0.484847 0.18983 -0.025334)
(0.479838 0.189836 -0.025334)
(0.47483 0.189841 -0.025334)
(0.469822 0.189847 -0.025334)
(0.464813 0.189853 -0.025334)
(0.459805 0.189858 -0.025334)
(0.454796 0.189864 -0.025334)
(0.449788 0.18987 -0.025334)
(0.444779 0.189875 -0.025334)
(0.439771 0.189881 -0.025334)
(0.434762 0.189886 -0.025334)
(0.429754 0.189891 -0.025334)
(0.424745 0.189897 -0.025334)
(0.419737 0.189902 -0.025334)
(0.414728 0.189907 -0.025334)
(0.40972 0.189912 -0.025334)
(0.404711 0.189917 -0.025334)
(0.399703 0.189922 -0.025334)
(0.394694 0.189927 -0.025334)
(0.389685 0.189932 -0.025334)
(0.384677 0.189936 -0.025334)
(0.379668 0.189941 -0.025334)
(0.37466 0.189945 -0.025334)
(0.369651 0.18995 -0.025334)
(0.364642 0.189954 -0.025334)
(0.359634 0.189958 -0.025334)
(0.354625 0.189962 -0.025334)
(0.349617 0.189965 -0.025334)
(0.344608 0.189969 -0.025334)
(0.3396 0.189972 -0.025334)
(0.334591 0.189975 -0.025334)
(0.329582 0.189978 -0.025334)
(0.324574 0.189981 -0.025334)
(0.319566 0.189984 -0.025334)
(0.314557 0.189986 -0.025334)
(0.309549 0.189989 -0.025334)
(0.30454 0.189991 -0.025334)
(0.600045 0.199695 -0.025334)
(0.60004 0.194695 -0.025334)
(0.600057 0.209695 -0.025334)
(0.600051 0.204695 -0.025334)
(0.304548 0.209988 -0.025334)
(0.309557 0.209986 -0.025334)
(0.314567 0.209984 -0.025334)
(0.319576 0.209981 -0.025334)
(0.324585 0.209979 -0.025334)
(0.329594 0.209976 -0.025334)
(0.334603 0.209973 -0.025334)
(0.339613 0.209969 -0.025334)
(0.344622 0.209966 -0.025334)
(0.349631 0.209962 -0.025334)
(0.35464 0.209959 -0.025334)
(0.359649 0.209955 -0.025334)
(0.364659 0.209951 -0.025334)
(0.369668 0.209947 -0.025334)
(0.374677 0.209942 -0.025334)
(0.379686 0.209938 -0.025334)
(0.384695 0.209934 -0.025334)
(0.389704 0.209929 -0.025334)
(0.394713 0.209924 -0.025334)
(0.399722 0.20992 -0.025334)
(0.404731 0.209915 -0.025334)
(0.40974 0.20991 -0.025334)
(0.414749 0.209905 -0.025334)
(0.419757 0.2099 -0.025334)
(0.424766 0.209894 -0.025334)
(0.429775 0.209889 -0.025334)
(0.434784 0.209884 -0.025334)
(0.439792 0.209878 -0.025334)
(0.444801 0.209873 -0.025334)
(0.44981 0.209868 -0.025334)
(0.454818 0.209862 -0.025334)
(0.459827 0.209856 -0.025334)
(0.464836 0.209851 -0.025334)
(0.469844 0.209845 -0.025334)
(0.474853 0.20984 -0.025334)
(0.479861 0.209834 -0.025334)
(0.48487 0.209828 -0.025334)
(0.489878 0.209823 -0.025334)
(0.494886 0.209817 -0.025334)
(0.499895 0.209811 -0.025334)
(0.504903 0.209805 -0.025334)
(0.509912 0.2098 -0.025334)
(0.51492 0.209794 -0.025334)
(0.519928 0.209788 -0.025334)
(0.524936 0.209782 -0.025334)
(0.529945 0.209776 -0.025334)
(0.534953 0.20977 -0.025334)
(0.539961 0.209765 -0.025334)
(0.544969 0.209759 -0.025334)
(0.549977 0.209753 -0.025334)
(0.554985 0.209747 -0.025334)
(0.559993 0.209741 -0.025334)
(0.565002 0.209736 -0.025334)
(0.57001 0.20973 -0.025334)
(0.575018 0.209724 -0.025334)
(0.580026 0.209718 -0.025334)
(0.585033 0.209712 -0.025334)
(0.590041 0.209706 -0.025334)
(0.595049 0.209701 -0.025334)
(0.24899 0.21 -0.025334)
(0.24999 0.21 -0.025334)
(0.251063 0.209999 -0.025334)
(0.252213 0.209999 -0.025334)
(0.253447 0.209999 -0.025334)
(0.254771 0.209999 -0.025334)
(0.25619 0.209999 -0.025334)
(0.257712 0.209999 -0.025334)
(0.259345 0.209999 -0.025334)
(0.261096 0.209999 -0.025334)
(0.262974 0.209998 -0.025334)
(0.264988 0.209998 -0.025334)
(0.267148 0.209998 -0.025334)
(0.269465 0.209998 -0.025334)
(0.271949 0.209997 -0.025334)
(0.274614 0.209997 -0.025334)
(0.277472 0.209996 -0.025334)
(0.280538 0.209996 -0.025334)
(0.283826 0.209995 -0.025334)
(0.287352 0.209994 -0.025334)
(0.291133 0.209993 -0.025334)
(0.295189 0.209992 -0.025334)
(0.24899 0.19 -0.025334)
(0.295183 0.189994 -0.025334)
(0.291127 0.189995 -0.025334)
(0.287346 0.189996 -0.025334)
(0.283821 0.189997 -0.025334)
(0.280534 0.189998 -0.025334)
(0.277469 0.189998 -0.025334)
(0.274611 0.189999 -0.025334)
(0.271946 0.189999 -0.025334)
(0.269462 0.19 -0.025334)
(0.267146 0.19 -0.025334)
(0.264986 0.19 -0.025334)
(0.262972 0.19 -0.025334)
(0.261094 0.19 -0.025334)
(0.259343 0.190001 -0.025334)
(0.257711 0.190001 -0.025334)
(0.256189 0.190001 -0.025334)
(0.25477 0.190001 -0.025334)
(0.253447 0.190001 -0.025334)
(0.252213 0.190001 -0.025334)
(0.251063 0.19 -0.025334)
(0.24999 0.19 -0.025334)
(0.24899 0.195 -0.025334)
(0.24899 0.2 -0.025334)
(0.24899 0.205 -0.025334)
(0.24999 0.195 -0.025334)
(0.251062 0.195 -0.025334)
(0.252213 0.195 -0.025334)
(0.253447 0.195 -0.025334)
(0.25477 0.195 -0.025334)
(0.256189 0.195 -0.025334)
(0.257711 0.195 -0.025334)
(0.259344 0.195 -0.025334)
(0.261095 0.195 -0.025334)
(0.262972 0.195 -0.025334)
(0.264986 0.195 -0.025334)
(0.267146 0.195 -0.025334)
(0.269463 0.194999 -0.025334)
(0.271947 0.194999 -0.025334)
(0.274612 0.194999 -0.025334)
(0.27747 0.194998 -0.025334)
(0.280535 0.194997 -0.025334)
(0.283822 0.194997 -0.025334)
(0.287348 0.194996 -0.025334)
(0.291129 0.194995 -0.025334)
(0.295184 0.194994 -0.025334)
(0.299534 0.194992 -0.025334)
(0.304542 0.19499 -0.025334)
(0.309551 0.194988 -0.025334)
(0.314559 0.194986 -0.025334)
(0.319568 0.194983 -0.025334)
(0.324577 0.194981 -0.025334)
(0.329585 0.194978 -0.025334)
(0.334594 0.194975 -0.025334)
(0.339603 0.194972 -0.025334)
(0.344612 0.194968 -0.025334)
(0.34962 0.194965 -0.025334)
(0.354629 0.194961 -0.025334)
(0.359638 0.194957 -0.025334)
(0.364646 0.194953 -0.025334)
(0.369655 0.194949 -0.025334)
(0.374664 0.194945 -0.025334)
(0.379673 0.19494 -0.025334)
(0.384681 0.194936 -0.025334)
(0.38969 0.194931 -0.025334)
(0.394699 0.194926 -0.025334)
(0.399707 0.194922 -0.025334)
(0.404716 0.194917 -0.025334)
(0.409725 0.194912 -0.025334)
(0.414733 0.194907 -0.025334)
(0.419742 0.194901 -0.025334)
(0.424751 0.194896 -0.025334)
(0.429759 0.194891 -0.025334)
(0.434768 0.194886 -0.025334)
(0.439776 0.19488 -0.025334)
(0.444785 0.194875 -0.025334)
(0.449793 0.194869 -0.025334)
(0.454802 0.194864 -0.025334)
(0.45981 0.194858 -0.025334)
(0.464819 0.194852 -0.025334)
(0.469827 0.194847 -0.025334)
(0.474836 0.194841 -0.025334)
(0.479844 0.194835 -0.025334)
(0.484852 0.19483 -0.025334)
(0.489861 0.194824 -0.025334)
(0.494869 0.194818 -0.025334)
(0.499878 0.194812 -0.025334)
(0.504886 0.194806 -0.025334)
(0.509894 0.194801 -0.025334)
(0.514902 0.194795 -0.025334)
(0.519911 0.194789 -0.025334)
(0.524919 0.194783 -0.025334)
(0.529927 0.194777 -0.025334)
(0.534935 0.194771 -0.025334)
(0.539943 0.194765 -0.025334)
(0.544952 0.19476 -0.025334)
(0.54996 0.194754 -0.025334)
(0.554968 0.194748 -0.025334)
(0.559976 0.194742 -0.025334)
(0.564984 0.194736 -0.025334)
(0.569992 0.19473 -0.025334)
(0.575 0.194724 -0.025334)
(0.580008 0.194718 -0.025334)
(0.585016 0.194712 -0.025334)
(0.590024 0.194707 -0.025334)
(0.595032 0.194701 -0.025334)
(0.24999 0.2 -0.025334)
(0.251063 0.2 -0.025334)
(0.252213 0.2 -0.025334)
(0.253447 0.2 -0.025334)
(0.25477 0.2 -0.025334)
(0.256189 0.2 -0.025334)
(0.257711 0.2 -0.025334)
(0.259344 0.2 -0.025334)
(0.261095 0.2 -0.025334)
(0.262973 0.2 -0.025334)
(0.264987 0.199999 -0.025334)
(0.267147 0.199999 -0.025334)
(0.269463 0.199999 -0.025334)
(0.271948 0.199999 -0.025334)
(0.274613 0.199998 -0.025334)
(0.277471 0.199998 -0.025334)
(0.280536 0.199997 -0.025334)
(0.283823 0.199996 -0.025334)
(0.287349 0.199995 -0.025334)
(0.29113 0.199994 -0.025334)
(0.295186 0.199993 -0.025334)
(0.299536 0.199992 -0.025334)
(0.304544 0.19999 -0.025334)
(0.309553 0.199988 -0.025334)
(0.314562 0.199985 -0.025334)
(0.319571 0.199983 -0.025334)
(0.32458 0.19998 -0.025334)
(0.329588 0.199977 -0.025334)
(0.334597 0.199974 -0.025334)
(0.339606 0.199971 -0.025334)
(0.344615 0.199968 -0.025334)
(0.349624 0.199964 -0.025334)
(0.354633 0.19996 -0.025334)
(0.359642 0.199956 -0.025334)
(0.36465 0.199952 -0.025334)
(0.369659 0.199948 -0.025334)
(0.374668 0.199944 -0.025334)
(0.379677 0.19994 -0.025334)
(0.384686 0.199935 -0.025334)
(0.389695 0.199931 -0.025334)
(0.394703 0.199926 -0.025334)
(0.399712 0.199921 -0.025334)
(0.404721 0.199916 -0.025334)
(0.40973 0.199911 -0.025334)
(0.414738 0.199906 -0.025334)
(0.419747 0.199901 -0.025334)
(0.424756 0.199896 -0.025334)
(0.429764 0.19989 -0.025334)
(0.434773 0.199885 -0.025334)
(0.439782 0.19988 -0.025334)
(0.44479 0.199874 -0.025334)
(0.449799 0.199869 -0.025334)
(0.454807 0.199863 -0.025334)
(0.459816 0.199858 -0.025334)
(0.464824 0.199852 -0.025334)
(0.469833 0.199846 -0.025334)
(0.474841 0.199841 -0.025334)
(0.47985 0.199835 -0.025334)
(0.484858 0.199829 -0.025334)
(0.489867 0.199823 -0.025334)
(0.494875 0.199818 -0.025334)
(0.499883 0.199812 -0.025334)
(0.504892 0.199806 -0.025334)
(0.5099 0.1998 -0.025334)
(0.514908 0.199794 -0.025334)
(0.519916 0.199789 -0.025334)
(0.524925 0.199783 -0.025334)
(0.529933 0.199777 -0.025334)
(0.534941 0.199771 -0.025334)
(0.539949 0.199765 -0.025334)
(0.544957 0.199759 -0.025334)
(0.549966 0.199753 -0.025334)
(0.554974 0.199748 -0.025334)
(0.559982 0.199742 -0.025334)
(0.56499 0.199736 -0.025334)
(0.569998 0.19973 -0.025334)
(0.575006 0.199724 -0.025334)
(0.580014 0.199718 -0.025334)
(0.585022 0.199712 -0.025334)
(0.59003 0.199707 -0.025334)
(0.595038 0.199701 -0.025334)
(0.24999 0.205 -0.025334)
(0.251063 0.205 -0.025334)
(0.252213 0.205 -0.025334)
(0.253447 0.205 -0.025334)
(0.25477 0.205 -0.025334)
(0.25619 0.204999 -0.025334)
(0.257712 0.204999 -0.025334)
(0.259344 0.204999 -0.025334)
(0.261095 0.204999 -0.025334)
(0.262973 0.204999 -0.025334)
(0.264987 0.204999 -0.025334)
(0.267147 0.204999 -0.025334)
(0.269464 0.204998 -0.025334)
(0.271949 0.204998 -0.025334)
(0.274614 0.204998 -0.025334)
(0.277472 0.204997 -0.025334)
(0.280537 0.204996 -0.025334)
(0.283824 0.204996 -0.025334)
(0.28735 0.204995 -0.025334)
(0.291132 0.204994 -0.025334)
(0.295188 0.204992 -0.025334)
(0.299537 0.204991 -0.025334)
(0.304546 0.204989 -0.025334)
(0.309555 0.204987 -0.025334)
(0.314564 0.204985 -0.025334)
(0.319573 0.204982 -0.025334)
(0.324582 0.204979 -0.025334)
(0.329591 0.204976 -0.025334)
(0.3346 0.204973 -0.025334)
(0.339609 0.20497 -0.025334)
(0.344618 0.204967 -0.025334)
(0.349627 0.204963 -0.025334)
(0.354636 0.20496 -0.025334)
(0.359645 0.204956 -0.025334)
(0.364654 0.204952 -0.025334)
(0.369663 0.204948 -0.025334)
(0.374672 0.204943 -0.025334)
(0.379681 0.204939 -0.025334)
(0.38469 0.204934 -0.025334)
(0.389699 0.20493 -0.025334)
(0.394708 0.204925 -0.025334)
(0.399717 0.20492 -0.025334)
(0.404726 0.204915 -0.025334)
(0.409735 0.20491 -0.025334)
(0.414743 0.204905 -0.025334)
(0.419752 0.2049 -0.025334)
(0.424761 0.204895 -0.025334)
(0.42977 0.20489 -0.025334)
(0.434778 0.204884 -0.025334)
(0.439787 0.204879 -0.025334)
(0.444796 0.204874 -0.025334)
(0.449804 0.204868 -0.025334)
(0.454813 0.204863 -0.025334)
(0.459821 0.204857 -0.025334)
(0.46483 0.204851 -0.025334)
(0.469839 0.204846 -0.025334)
(0.474847 0.20484 -0.025334)
(0.479855 0.204834 -0.025334)
(0.484864 0.204829 -0.025334)
(0.489872 0.204823 -0.025334)
(0.494881 0.204817 -0.025334)
(0.499889 0.204811 -0.025334)
(0.504897 0.204806 -0.025334)
(0.509906 0.2048 -0.025334)
(0.514914 0.204794 -0.025334)
(0.519922 0.204788 -0.025334)
(0.524931 0.204782 -0.025334)
(0.529939 0.204777 -0.025334)
(0.534947 0.204771 -0.025334)
(0.539955 0.204765 -0.025334)
(0.544963 0.204759 -0.025334)
(0.549971 0.204753 -0.025334)
(0.554979 0.204747 -0.025334)
(0.559988 0.204742 -0.025334)
(0.564996 0.204736 -0.025334)
(0.570004 0.20473 -0.025334)
(0.575012 0.204724 -0.025334)
(0.58002 0.204718 -0.025334)
(0.585028 0.204712 -0.025334)
(0.590036 0.204706 -0.025334)
(0.595043 0.204701 -0.025334)
)


// ************************************************************************* //
