/*--------------------------------*- C++ -*----------------------------------*\
| =========                 |                                                 |
| \\      /  F ield         | OpenFOAM Extend Project: Open source CFD        |
|  \\    /   O peration     | Version:  1.6-ext                               |
|   \\  /    A nd           | Web:      www.extend-project.de                 |
|    \\/     M anipulation  |                                                 |
\*---------------------------------------------------------------------------*/
FoamFile
{
    version     2.0;
    format      ascii;
    class       vectorField;
    location    "0.55/polyMesh";
    object      points;
}
// * * * * * * * * * * * * * * * * * * * * * * * * * * * * * * * * * * * * * //


830
(
(0.299518 0.210021 0.025334)
(0.299529 0.190019 0.025334)
(0.599975 0.189868 0.025334)
(0.594967 0.189875 0.025334)
(0.589959 0.189881 0.025334)
(0.584952 0.189888 0.025334)
(0.579944 0.189894 0.025334)
(0.574936 0.189901 0.025334)
(0.569928 0.189907 0.025334)
(0.56492 0.189914 0.025334)
(0.559912 0.18992 0.025334)
(0.554904 0.189927 0.025334)
(0.549896 0.189933 0.025334)
(0.544889 0.189939 0.025334)
(0.539881 0.189946 0.025334)
(0.534873 0.189952 0.025334)
(0.529865 0.189958 0.025334)
(0.524857 0.189965 0.025334)
(0.51985 0.189971 0.025334)
(0.514842 0.189977 0.025334)
(0.509834 0.189983 0.025334)
(0.504827 0.189988 0.025334)
(0.499819 0.189994 0.025334)
(0.494811 0.19 0.025334)
(0.489804 0.190005 0.025334)
(0.484796 0.19001 0.025334)
(0.479789 0.190015 0.025334)
(0.474782 0.19002 0.025334)
(0.469774 0.190024 0.025334)
(0.464767 0.190029 0.025334)
(0.459759 0.190033 0.025334)
(0.454752 0.190036 0.025334)
(0.449745 0.19004 0.025334)
(0.444738 0.190043 0.025334)
(0.439731 0.190046 0.025334)
(0.434723 0.190049 0.025334)
(0.429716 0.190051 0.025334)
(0.424709 0.190053 0.025334)
(0.419702 0.190055 0.025334)
(0.414695 0.190056 0.025334)
(0.409688 0.190058 0.025334)
(0.404681 0.190058 0.025334)
(0.399674 0.190059 0.025334)
(0.394667 0.190059 0.025334)
(0.38966 0.190059 0.025334)
(0.384653 0.190058 0.025334)
(0.379646 0.190058 0.025334)
(0.374639 0.190057 0.025334)
(0.369632 0.190055 0.025334)
(0.364625 0.190054 0.025334)
(0.359617 0.190052 0.025334)
(0.35461 0.19005 0.025334)
(0.349603 0.190048 0.025334)
(0.344596 0.190046 0.025334)
(0.339589 0.190043 0.025334)
(0.334581 0.19004 0.025334)
(0.329574 0.190037 0.025334)
(0.324567 0.190035 0.025334)
(0.319559 0.190032 0.025334)
(0.314552 0.190029 0.025334)
(0.309544 0.190025 0.025334)
(0.304537 0.190022 0.025334)
(0.599988 0.199868 0.025334)
(0.599982 0.194868 0.025334)
(0.600001 0.209868 0.025334)
(0.599995 0.204868 0.025334)
(0.304525 0.210024 0.025334)
(0.309533 0.210027 0.025334)
(0.31454 0.21003 0.025334)
(0.319548 0.210033 0.025334)
(0.324555 0.210036 0.025334)
(0.329563 0.210039 0.025334)
(0.334571 0.210041 0.025334)
(0.339579 0.210044 0.025334)
(0.344586 0.210047 0.025334)
(0.349594 0.210049 0.025334)
(0.354602 0.210051 0.025334)
(0.35961 0.210053 0.025334)
(0.364618 0.210055 0.025334)
(0.369626 0.210056 0.025334)
(0.374634 0.210058 0.025334)
(0.379643 0.210059 0.025334)
(0.384651 0.210059 0.025334)
(0.389659 0.21006 0.025334)
(0.394667 0.21006 0.025334)
(0.399675 0.21006 0.025334)
(0.404684 0.210059 0.025334)
(0.409692 0.210058 0.025334)
(0.4147 0.210057 0.025334)
(0.419708 0.210056 0.025334)
(0.424717 0.210054 0.025334)
(0.429725 0.210052 0.025334)
(0.434733 0.210049 0.025334)
(0.439742 0.210047 0.025334)
(0.44475 0.210044 0.025334)
(0.449758 0.21004 0.025334)
(0.454767 0.210037 0.025334)
(0.459775 0.210033 0.025334)
(0.464783 0.210029 0.025334)
(0.469792 0.210024 0.025334)
(0.4748 0.21002 0.025334)
(0.479808 0.210015 0.025334)
(0.484816 0.21001 0.025334)
(0.489825 0.210005 0.025334)
(0.494833 0.209999 0.025334)
(0.499841 0.209994 0.025334)
(0.504849 0.209988 0.025334)
(0.509857 0.209982 0.025334)
(0.514866 0.209977 0.025334)
(0.519874 0.20997 0.025334)
(0.524882 0.209964 0.025334)
(0.52989 0.209958 0.025334)
(0.534898 0.209952 0.025334)
(0.539906 0.209946 0.025334)
(0.544914 0.209939 0.025334)
(0.549922 0.209933 0.025334)
(0.55493 0.209926 0.025334)
(0.559938 0.20992 0.025334)
(0.564946 0.209913 0.025334)
(0.569954 0.209907 0.025334)
(0.574962 0.2099 0.025334)
(0.57997 0.209894 0.025334)
(0.584978 0.209887 0.025334)
(0.589985 0.209881 0.025334)
(0.594993 0.209874 0.025334)
(0.248989 0.21 0.025334)
(0.249989 0.210001 0.025334)
(0.251061 0.210001 0.025334)
(0.252211 0.210001 0.025334)
(0.253445 0.210001 0.025334)
(0.254768 0.210002 0.025334)
(0.256186 0.210002 0.025334)
(0.257708 0.210002 0.025334)
(0.25934 0.210003 0.025334)
(0.26109 0.210003 0.025334)
(0.262967 0.210004 0.025334)
(0.26498 0.210004 0.025334)
(0.26714 0.210005 0.025334)
(0.269455 0.210006 0.025334)
(0.271939 0.210007 0.025334)
(0.274603 0.210008 0.025334)
(0.27746 0.210009 0.025334)
(0.280524 0.21001 0.025334)
(0.28381 0.210012 0.025334)
(0.287335 0.210014 0.025334)
(0.291115 0.210016 0.025334)
(0.29517 0.210018 0.025334)
(0.24899 0.19 0.025334)
(0.295181 0.190017 0.025334)
(0.291126 0.190015 0.025334)
(0.287345 0.190012 0.025334)
(0.28382 0.190011 0.025334)
(0.280533 0.190009 0.025334)
(0.277468 0.190008 0.025334)
(0.274611 0.190006 0.025334)
(0.271946 0.190005 0.025334)
(0.269462 0.190004 0.025334)
(0.267146 0.190003 0.025334)
(0.264986 0.190003 0.025334)
(0.262972 0.190002 0.025334)
(0.261094 0.190002 0.025334)
(0.259344 0.190001 0.025334)
(0.257711 0.190001 0.025334)
(0.256189 0.190001 0.025334)
(0.25477 0.19 0.025334)
(0.253447 0.19 0.025334)
(0.252213 0.19 0.025334)
(0.251063 0.19 0.025334)
(0.24999 0.19 0.025334)
(0.24899 0.195 0.025334)
(0.24899 0.2 0.025334)
(0.24899 0.205 0.025334)
(0.24999 0.195 0.025334)
(0.251062 0.195 0.025334)
(0.252213 0.195 0.025334)
(0.253446 0.195 0.025334)
(0.254769 0.195 0.025334)
(0.256188 0.195001 0.025334)
(0.25771 0.195001 0.025334)
(0.259343 0.195001 0.025334)
(0.261093 0.195002 0.025334)
(0.262971 0.195002 0.025334)
(0.264984 0.195003 0.025334)
(0.267144 0.195003 0.025334)
(0.26946 0.195004 0.025334)
(0.271944 0.195005 0.025334)
(0.274609 0.195006 0.025334)
(0.277466 0.195008 0.025334)
(0.280531 0.195009 0.025334)
(0.283817 0.195011 0.025334)
(0.287342 0.195013 0.025334)
(0.291123 0.195015 0.025334)
(0.295178 0.195017 0.025334)
(0.299526 0.19502 0.025334)
(0.304534 0.195023 0.025334)
(0.309541 0.195026 0.025334)
(0.314549 0.195029 0.025334)
(0.319556 0.195032 0.025334)
(0.324564 0.195035 0.025334)
(0.329571 0.195038 0.025334)
(0.334579 0.195041 0.025334)
(0.339586 0.195043 0.025334)
(0.344594 0.195046 0.025334)
(0.349601 0.195048 0.025334)
(0.354608 0.195051 0.025334)
(0.359616 0.195053 0.025334)
(0.364623 0.195054 0.025334)
(0.36963 0.195056 0.025334)
(0.374638 0.195057 0.025334)
(0.379645 0.195058 0.025334)
(0.384652 0.195059 0.025334)
(0.38966 0.195059 0.025334)
(0.394667 0.195059 0.025334)
(0.399674 0.195059 0.025334)
(0.404682 0.195059 0.025334)
(0.409689 0.195058 0.025334)
(0.414696 0.195057 0.025334)
(0.419704 0.195055 0.025334)
(0.424711 0.195054 0.025334)
(0.429719 0.195052 0.025334)
(0.434726 0.195049 0.025334)
(0.439733 0.195047 0.025334)
(0.444741 0.195044 0.025334)
(0.449748 0.19504 0.025334)
(0.454756 0.195037 0.025334)
(0.459763 0.195033 0.025334)
(0.464771 0.195029 0.025334)
(0.469779 0.195025 0.025334)
(0.474786 0.19502 0.025334)
(0.479794 0.195015 0.025334)
(0.484801 0.19501 0.025334)
(0.489809 0.195005 0.025334)
(0.494817 0.195 0.025334)
(0.499825 0.194994 0.025334)
(0.504832 0.194989 0.025334)
(0.50984 0.194983 0.025334)
(0.514848 0.194977 0.025334)
(0.519856 0.194971 0.025334)
(0.524863 0.194965 0.025334)
(0.529871 0.194958 0.025334)
(0.534879 0.194952 0.025334)
(0.539887 0.194946 0.025334)
(0.544895 0.194939 0.025334)
(0.549903 0.194933 0.025334)
(0.554911 0.194927 0.025334)
(0.559919 0.19492 0.025334)
(0.564926 0.194914 0.025334)
(0.569934 0.194907 0.025334)
(0.574942 0.194901 0.025334)
(0.57995 0.194894 0.025334)
(0.584958 0.194888 0.025334)
(0.589966 0.194881 0.025334)
(0.594974 0.194874 0.025334)
(0.24999 0.2 0.025334)
(0.251062 0.2 0.025334)
(0.252212 0.2 0.025334)
(0.253446 0.2 0.025334)
(0.254769 0.200001 0.025334)
(0.256188 0.200001 0.025334)
(0.25771 0.200001 0.025334)
(0.259342 0.200001 0.025334)
(0.261092 0.200002 0.025334)
(0.26297 0.200002 0.025334)
(0.264983 0.200003 0.025334)
(0.267143 0.200004 0.025334)
(0.269459 0.200005 0.025334)
(0.271943 0.200006 0.025334)
(0.274607 0.200007 0.025334)
(0.277464 0.200008 0.025334)
(0.280528 0.200009 0.025334)
(0.283815 0.200011 0.025334)
(0.28734 0.200013 0.025334)
(0.29112 0.200015 0.025334)
(0.295175 0.200017 0.025334)
(0.299524 0.20002 0.025334)
(0.304531 0.200023 0.025334)
(0.309539 0.200026 0.025334)
(0.314546 0.200029 0.025334)
(0.319554 0.200032 0.025334)
(0.324561 0.200035 0.025334)
(0.329569 0.200038 0.025334)
(0.334576 0.200041 0.025334)
(0.339584 0.200044 0.025334)
(0.344591 0.200046 0.025334)
(0.349599 0.200049 0.025334)
(0.354606 0.200051 0.025334)
(0.359614 0.200053 0.025334)
(0.364621 0.200055 0.025334)
(0.369629 0.200056 0.025334)
(0.374637 0.200058 0.025334)
(0.379644 0.200059 0.025334)
(0.384652 0.200059 0.025334)
(0.389659 0.20006 0.025334)
(0.394667 0.20006 0.025334)
(0.399675 0.20006 0.025334)
(0.404682 0.200059 0.025334)
(0.40969 0.200058 0.025334)
(0.414698 0.200057 0.025334)
(0.419705 0.200056 0.025334)
(0.424713 0.200054 0.025334)
(0.429721 0.200052 0.025334)
(0.434728 0.200049 0.025334)
(0.439736 0.200047 0.025334)
(0.444744 0.200044 0.025334)
(0.449752 0.20004 0.025334)
(0.454759 0.200037 0.025334)
(0.459767 0.200033 0.025334)
(0.464775 0.200029 0.025334)
(0.469783 0.200025 0.025334)
(0.474791 0.20002 0.025334)
(0.479799 0.200015 0.025334)
(0.484806 0.20001 0.025334)
(0.489814 0.200005 0.025334)
(0.494822 0.2 0.025334)
(0.49983 0.199994 0.025334)
(0.504838 0.199989 0.025334)
(0.509846 0.199983 0.025334)
(0.514854 0.199977 0.025334)
(0.519862 0.199971 0.025334)
(0.52487 0.199965 0.025334)
(0.529877 0.199958 0.025334)
(0.534885 0.199952 0.025334)
(0.539893 0.199946 0.025334)
(0.544901 0.199939 0.025334)
(0.549909 0.199933 0.025334)
(0.554917 0.199927 0.025334)
(0.559925 0.19992 0.025334)
(0.564933 0.199914 0.025334)
(0.569941 0.199907 0.025334)
(0.574949 0.199901 0.025334)
(0.579957 0.199894 0.025334)
(0.584964 0.199887 0.025334)
(0.589972 0.199881 0.025334)
(0.59498 0.199874 0.025334)
(0.24999 0.205 0.025334)
(0.251062 0.205 0.025334)
(0.252212 0.205001 0.025334)
(0.253446 0.205001 0.025334)
(0.254768 0.205001 0.025334)
(0.256187 0.205001 0.025334)
(0.257709 0.205002 0.025334)
(0.259341 0.205002 0.025334)
(0.261091 0.205002 0.025334)
(0.262968 0.205003 0.025334)
(0.264982 0.205003 0.025334)
(0.267141 0.205004 0.025334)
(0.269457 0.205005 0.025334)
(0.271941 0.205006 0.025334)
(0.274605 0.205007 0.025334)
(0.277462 0.205008 0.025334)
(0.280526 0.20501 0.025334)
(0.283813 0.205011 0.025334)
(0.287337 0.205013 0.025334)
(0.291118 0.205015 0.025334)
(0.295172 0.205018 0.025334)
(0.299521 0.20502 0.025334)
(0.304528 0.205023 0.025334)
(0.309536 0.205026 0.025334)
(0.314543 0.205029 0.025334)
(0.319551 0.205032 0.025334)
(0.324558 0.205036 0.025334)
(0.329566 0.205038 0.025334)
(0.334573 0.205041 0.025334)
(0.339581 0.205044 0.025334)
(0.344589 0.205047 0.025334)
(0.349597 0.205049 0.025334)
(0.354604 0.205051 0.025334)
(0.359612 0.205053 0.025334)
(0.36462 0.205055 0.025334)
(0.369628 0.205056 0.025334)
(0.374635 0.205058 0.025334)
(0.379643 0.205059 0.025334)
(0.384651 0.205059 0.025334)
(0.389659 0.20506 0.025334)
(0.394667 0.20506 0.025334)
(0.399675 0.20506 0.025334)
(0.404683 0.205059 0.025334)
(0.409691 0.205058 0.025334)
(0.414699 0.205057 0.025334)
(0.419707 0.205056 0.025334)
(0.424715 0.205054 0.025334)
(0.429723 0.205052 0.025334)
(0.434731 0.205049 0.025334)
(0.439739 0.205047 0.025334)
(0.444747 0.205044 0.025334)
(0.449755 0.20504 0.025334)
(0.454763 0.205037 0.025334)
(0.459771 0.205033 0.025334)
(0.464779 0.205029 0.025334)
(0.469787 0.205025 0.025334)
(0.474795 0.20502 0.025334)
(0.479803 0.205015 0.025334)
(0.484811 0.20501 0.025334)
(0.489819 0.205005 0.025334)
(0.494828 0.205 0.025334)
(0.499836 0.204994 0.025334)
(0.504844 0.204988 0.025334)
(0.509852 0.204983 0.025334)
(0.51486 0.204977 0.025334)
(0.519868 0.204971 0.025334)
(0.524876 0.204965 0.025334)
(0.529884 0.204958 0.025334)
(0.534892 0.204952 0.025334)
(0.5399 0.204946 0.025334)
(0.544908 0.204939 0.025334)
(0.549916 0.204933 0.025334)
(0.554923 0.204926 0.025334)
(0.559931 0.20492 0.025334)
(0.564939 0.204913 0.025334)
(0.569947 0.204907 0.025334)
(0.574955 0.2049 0.025334)
(0.579963 0.204894 0.025334)
(0.584971 0.204887 0.025334)
(0.589979 0.204881 0.025334)
(0.594987 0.204874 0.025334)
(0.299518 0.210021 -0.025334)
(0.299529 0.190019 -0.025334)
(0.599975 0.189868 -0.025334)
(0.594967 0.189875 -0.025334)
(0.589959 0.189881 -0.025334)
(0.584952 0.189888 -0.025334)
(0.579944 0.189894 -0.025334)
(0.574936 0.189901 -0.025334)
(0.569928 0.189907 -0.025334)
(0.56492 0.189914 -0.025334)
(0.559912 0.18992 -0.025334)
(0.554904 0.189927 -0.025334)
(0.549896 0.189933 -0.025334)
(0.544889 0.189939 -0.025334)
(0.539881 0.189946 -0.025334)
(0.534873 0.189952 -0.025334)
(0.529865 0.189958 -0.025334)
(0.524857 0.189965 -0.025334)
(0.51985 0.189971 -0.025334)
(0.514842 0.189977 -0.025334)
(0.509834 0.189983 -0.025334)
(0.504827 0.189988 -0.025334)
(0.499819 0.189994 -0.025334)
(0.494811 0.19 -0.025334)
(0.489804 0.190005 -0.025334)
(0.484796 0.19001 -0.025334)
(0.479789 0.190015 -0.025334)
(0.474782 0.19002 -0.025334)
(0.469774 0.190024 -0.025334)
(0.464767 0.190029 -0.025334)
(0.459759 0.190033 -0.025334)
(0.454752 0.190036 -0.025334)
(0.449745 0.19004 -0.025334)
(0.444738 0.190043 -0.025334)
(0.439731 0.190046 -0.025334)
(0.434723 0.190049 -0.025334)
(0.429716 0.190051 -0.025334)
(0.424709 0.190053 -0.025334)
(0.419702 0.190055 -0.025334)
(0.414695 0.190056 -0.025334)
(0.409688 0.190058 -0.025334)
(0.404681 0.190058 -0.025334)
(0.399674 0.190059 -0.025334)
(0.394667 0.190059 -0.025334)
(0.38966 0.190059 -0.025334)
(0.384653 0.190058 -0.025334)
(0.379646 0.190058 -0.025334)
(0.374639 0.190057 -0.025334)
(0.369632 0.190055 -0.025334)
(0.364625 0.190054 -0.025334)
(0.359617 0.190052 -0.025334)
(0.35461 0.19005 -0.025334)
(0.349603 0.190048 -0.025334)
(0.344596 0.190046 -0.025334)
(0.339589 0.190043 -0.025334)
(0.334581 0.19004 -0.025334)
(0.329574 0.190037 -0.025334)
(0.324567 0.190035 -0.025334)
(0.319559 0.190032 -0.025334)
(0.314552 0.190029 -0.025334)
(0.309544 0.190025 -0.025334)
(0.304537 0.190022 -0.025334)
(0.599988 0.199868 -0.025334)
(0.599982 0.194868 -0.025334)
(0.600001 0.209868 -0.025334)
(0.599995 0.204868 -0.025334)
(0.304525 0.210024 -0.025334)
(0.309533 0.210027 -0.025334)
(0.31454 0.21003 -0.025334)
(0.319548 0.210033 -0.025334)
(0.324555 0.210036 -0.025334)
(0.329563 0.210039 -0.025334)
(0.334571 0.210041 -0.025334)
(0.339579 0.210044 -0.025334)
(0.344586 0.210047 -0.025334)
(0.349594 0.210049 -0.025334)
(0.354602 0.210051 -0.025334)
(0.35961 0.210053 -0.025334)
(0.364618 0.210055 -0.025334)
(0.369626 0.210056 -0.025334)
(0.374634 0.210058 -0.025334)
(0.379643 0.210059 -0.025334)
(0.384651 0.210059 -0.025334)
(0.389659 0.21006 -0.025334)
(0.394667 0.21006 -0.025334)
(0.399675 0.21006 -0.025334)
(0.404684 0.210059 -0.025334)
(0.409692 0.210058 -0.025334)
(0.4147 0.210057 -0.025334)
(0.419708 0.210056 -0.025334)
(0.424717 0.210054 -0.025334)
(0.429725 0.210052 -0.025334)
(0.434733 0.210049 -0.025334)
(0.439742 0.210047 -0.025334)
(0.44475 0.210044 -0.025334)
(0.449758 0.21004 -0.025334)
(0.454767 0.210037 -0.025334)
(0.459775 0.210033 -0.025334)
(0.464783 0.210029 -0.025334)
(0.469792 0.210024 -0.025334)
(0.4748 0.21002 -0.025334)
(0.479808 0.210015 -0.025334)
(0.484816 0.21001 -0.025334)
(0.489825 0.210005 -0.025334)
(0.494833 0.209999 -0.025334)
(0.499841 0.209994 -0.025334)
(0.504849 0.209988 -0.025334)
(0.509857 0.209982 -0.025334)
(0.514866 0.209977 -0.025334)
(0.519874 0.20997 -0.025334)
(0.524882 0.209964 -0.025334)
(0.52989 0.209958 -0.025334)
(0.534898 0.209952 -0.025334)
(0.539906 0.209946 -0.025334)
(0.544914 0.209939 -0.025334)
(0.549922 0.209933 -0.025334)
(0.55493 0.209926 -0.025334)
(0.559938 0.20992 -0.025334)
(0.564946 0.209913 -0.025334)
(0.569954 0.209907 -0.025334)
(0.574962 0.2099 -0.025334)
(0.57997 0.209894 -0.025334)
(0.584978 0.209887 -0.025334)
(0.589985 0.209881 -0.025334)
(0.594993 0.209874 -0.025334)
(0.248989 0.21 -0.025334)
(0.249989 0.210001 -0.025334)
(0.251061 0.210001 -0.025334)
(0.252211 0.210001 -0.025334)
(0.253445 0.210001 -0.025334)
(0.254768 0.210002 -0.025334)
(0.256186 0.210002 -0.025334)
(0.257708 0.210002 -0.025334)
(0.25934 0.210003 -0.025334)
(0.26109 0.210003 -0.025334)
(0.262967 0.210004 -0.025334)
(0.26498 0.210004 -0.025334)
(0.26714 0.210005 -0.025334)
(0.269455 0.210006 -0.025334)
(0.271939 0.210007 -0.025334)
(0.274603 0.210008 -0.025334)
(0.27746 0.210009 -0.025334)
(0.280524 0.21001 -0.025334)
(0.28381 0.210012 -0.025334)
(0.287335 0.210014 -0.025334)
(0.291115 0.210016 -0.025334)
(0.29517 0.210018 -0.025334)
(0.24899 0.19 -0.025334)
(0.295181 0.190017 -0.025334)
(0.291126 0.190015 -0.025334)
(0.287345 0.190012 -0.025334)
(0.28382 0.190011 -0.025334)
(0.280533 0.190009 -0.025334)
(0.277468 0.190008 -0.025334)
(0.274611 0.190006 -0.025334)
(0.271946 0.190005 -0.025334)
(0.269462 0.190004 -0.025334)
(0.267146 0.190003 -0.025334)
(0.264986 0.190003 -0.025334)
(0.262972 0.190002 -0.025334)
(0.261094 0.190002 -0.025334)
(0.259344 0.190001 -0.025334)
(0.257711 0.190001 -0.025334)
(0.256189 0.190001 -0.025334)
(0.25477 0.19 -0.025334)
(0.253447 0.19 -0.025334)
(0.252213 0.19 -0.025334)
(0.251063 0.19 -0.025334)
(0.24999 0.19 -0.025334)
(0.24899 0.195 -0.025334)
(0.24899 0.2 -0.025334)
(0.24899 0.205 -0.025334)
(0.24999 0.195 -0.025334)
(0.251062 0.195 -0.025334)
(0.252213 0.195 -0.025334)
(0.253446 0.195 -0.025334)
(0.254769 0.195 -0.025334)
(0.256188 0.195001 -0.025334)
(0.25771 0.195001 -0.025334)
(0.259343 0.195001 -0.025334)
(0.261093 0.195002 -0.025334)
(0.262971 0.195002 -0.025334)
(0.264984 0.195003 -0.025334)
(0.267144 0.195003 -0.025334)
(0.26946 0.195004 -0.025334)
(0.271944 0.195005 -0.025334)
(0.274609 0.195006 -0.025334)
(0.277466 0.195008 -0.025334)
(0.280531 0.195009 -0.025334)
(0.283817 0.195011 -0.025334)
(0.287342 0.195013 -0.025334)
(0.291123 0.195015 -0.025334)
(0.295178 0.195017 -0.025334)
(0.299526 0.19502 -0.025334)
(0.304534 0.195023 -0.025334)
(0.309541 0.195026 -0.025334)
(0.314549 0.195029 -0.025334)
(0.319556 0.195032 -0.025334)
(0.324564 0.195035 -0.025334)
(0.329571 0.195038 -0.025334)
(0.334579 0.195041 -0.025334)
(0.339586 0.195043 -0.025334)
(0.344594 0.195046 -0.025334)
(0.349601 0.195048 -0.025334)
(0.354608 0.195051 -0.025334)
(0.359616 0.195053 -0.025334)
(0.364623 0.195054 -0.025334)
(0.36963 0.195056 -0.025334)
(0.374638 0.195057 -0.025334)
(0.379645 0.195058 -0.025334)
(0.384652 0.195059 -0.025334)
(0.38966 0.195059 -0.025334)
(0.394667 0.195059 -0.025334)
(0.399674 0.195059 -0.025334)
(0.404682 0.195059 -0.025334)
(0.409689 0.195058 -0.025334)
(0.414696 0.195057 -0.025334)
(0.419704 0.195055 -0.025334)
(0.424711 0.195054 -0.025334)
(0.429719 0.195052 -0.025334)
(0.434726 0.195049 -0.025334)
(0.439733 0.195047 -0.025334)
(0.444741 0.195044 -0.025334)
(0.449748 0.19504 -0.025334)
(0.454756 0.195037 -0.025334)
(0.459763 0.195033 -0.025334)
(0.464771 0.195029 -0.025334)
(0.469779 0.195025 -0.025334)
(0.474786 0.19502 -0.025334)
(0.479794 0.195015 -0.025334)
(0.484801 0.19501 -0.025334)
(0.489809 0.195005 -0.025334)
(0.494817 0.195 -0.025334)
(0.499825 0.194994 -0.025334)
(0.504832 0.194989 -0.025334)
(0.50984 0.194983 -0.025334)
(0.514848 0.194977 -0.025334)
(0.519856 0.194971 -0.025334)
(0.524863 0.194965 -0.025334)
(0.529871 0.194958 -0.025334)
(0.534879 0.194952 -0.025334)
(0.539887 0.194946 -0.025334)
(0.544895 0.194939 -0.025334)
(0.549903 0.194933 -0.025334)
(0.554911 0.194927 -0.025334)
(0.559919 0.19492 -0.025334)
(0.564926 0.194914 -0.025334)
(0.569934 0.194907 -0.025334)
(0.574942 0.194901 -0.025334)
(0.57995 0.194894 -0.025334)
(0.584958 0.194888 -0.025334)
(0.589966 0.194881 -0.025334)
(0.594974 0.194874 -0.025334)
(0.24999 0.2 -0.025334)
(0.251062 0.2 -0.025334)
(0.252212 0.2 -0.025334)
(0.253446 0.2 -0.025334)
(0.254769 0.200001 -0.025334)
(0.256188 0.200001 -0.025334)
(0.25771 0.200001 -0.025334)
(0.259342 0.200001 -0.025334)
(0.261092 0.200002 -0.025334)
(0.26297 0.200002 -0.025334)
(0.264983 0.200003 -0.025334)
(0.267143 0.200004 -0.025334)
(0.269459 0.200005 -0.025334)
(0.271943 0.200006 -0.025334)
(0.274607 0.200007 -0.025334)
(0.277464 0.200008 -0.025334)
(0.280528 0.200009 -0.025334)
(0.283815 0.200011 -0.025334)
(0.28734 0.200013 -0.025334)
(0.29112 0.200015 -0.025334)
(0.295175 0.200017 -0.025334)
(0.299524 0.20002 -0.025334)
(0.304531 0.200023 -0.025334)
(0.309539 0.200026 -0.025334)
(0.314546 0.200029 -0.025334)
(0.319554 0.200032 -0.025334)
(0.324561 0.200035 -0.025334)
(0.329569 0.200038 -0.025334)
(0.334576 0.200041 -0.025334)
(0.339584 0.200044 -0.025334)
(0.344591 0.200046 -0.025334)
(0.349599 0.200049 -0.025334)
(0.354606 0.200051 -0.025334)
(0.359614 0.200053 -0.025334)
(0.364621 0.200055 -0.025334)
(0.369629 0.200056 -0.025334)
(0.374637 0.200058 -0.025334)
(0.379644 0.200059 -0.025334)
(0.384652 0.200059 -0.025334)
(0.389659 0.20006 -0.025334)
(0.394667 0.20006 -0.025334)
(0.399675 0.20006 -0.025334)
(0.404682 0.200059 -0.025334)
(0.40969 0.200058 -0.025334)
(0.414698 0.200057 -0.025334)
(0.419705 0.200056 -0.025334)
(0.424713 0.200054 -0.025334)
(0.429721 0.200052 -0.025334)
(0.434728 0.200049 -0.025334)
(0.439736 0.200047 -0.025334)
(0.444744 0.200044 -0.025334)
(0.449752 0.20004 -0.025334)
(0.454759 0.200037 -0.025334)
(0.459767 0.200033 -0.025334)
(0.464775 0.200029 -0.025334)
(0.469783 0.200025 -0.025334)
(0.474791 0.20002 -0.025334)
(0.479799 0.200015 -0.025334)
(0.484806 0.20001 -0.025334)
(0.489814 0.200005 -0.025334)
(0.494822 0.2 -0.025334)
(0.49983 0.199994 -0.025334)
(0.504838 0.199989 -0.025334)
(0.509846 0.199983 -0.025334)
(0.514854 0.199977 -0.025334)
(0.519862 0.199971 -0.025334)
(0.52487 0.199965 -0.025334)
(0.529877 0.199958 -0.025334)
(0.534885 0.199952 -0.025334)
(0.539893 0.199946 -0.025334)
(0.544901 0.199939 -0.025334)
(0.549909 0.199933 -0.025334)
(0.554917 0.199927 -0.025334)
(0.559925 0.19992 -0.025334)
(0.564933 0.199914 -0.025334)
(0.569941 0.199907 -0.025334)
(0.574949 0.199901 -0.025334)
(0.579957 0.199894 -0.025334)
(0.584964 0.199887 -0.025334)
(0.589972 0.199881 -0.025334)
(0.59498 0.199874 -0.025334)
(0.24999 0.205 -0.025334)
(0.251062 0.205 -0.025334)
(0.252212 0.205001 -0.025334)
(0.253446 0.205001 -0.025334)
(0.254768 0.205001 -0.025334)
(0.256187 0.205001 -0.025334)
(0.257709 0.205002 -0.025334)
(0.259341 0.205002 -0.025334)
(0.261091 0.205002 -0.025334)
(0.262968 0.205003 -0.025334)
(0.264982 0.205003 -0.025334)
(0.267141 0.205004 -0.025334)
(0.269457 0.205005 -0.025334)
(0.271941 0.205006 -0.025334)
(0.274605 0.205007 -0.025334)
(0.277462 0.205008 -0.025334)
(0.280526 0.20501 -0.025334)
(0.283813 0.205011 -0.025334)
(0.287337 0.205013 -0.025334)
(0.291118 0.205015 -0.025334)
(0.295172 0.205018 -0.025334)
(0.299521 0.20502 -0.025334)
(0.304528 0.205023 -0.025334)
(0.309536 0.205026 -0.025334)
(0.314543 0.205029 -0.025334)
(0.319551 0.205032 -0.025334)
(0.324558 0.205036 -0.025334)
(0.329566 0.205038 -0.025334)
(0.334573 0.205041 -0.025334)
(0.339581 0.205044 -0.025334)
(0.344589 0.205047 -0.025334)
(0.349597 0.205049 -0.025334)
(0.354604 0.205051 -0.025334)
(0.359612 0.205053 -0.025334)
(0.36462 0.205055 -0.025334)
(0.369628 0.205056 -0.025334)
(0.374635 0.205058 -0.025334)
(0.379643 0.205059 -0.025334)
(0.384651 0.205059 -0.025334)
(0.389659 0.20506 -0.025334)
(0.394667 0.20506 -0.025334)
(0.399675 0.20506 -0.025334)
(0.404683 0.205059 -0.025334)
(0.409691 0.205058 -0.025334)
(0.414699 0.205057 -0.025334)
(0.419707 0.205056 -0.025334)
(0.424715 0.205054 -0.025334)
(0.429723 0.205052 -0.025334)
(0.434731 0.205049 -0.025334)
(0.439739 0.205047 -0.025334)
(0.444747 0.205044 -0.025334)
(0.449755 0.20504 -0.025334)
(0.454763 0.205037 -0.025334)
(0.459771 0.205033 -0.025334)
(0.464779 0.205029 -0.025334)
(0.469787 0.205025 -0.025334)
(0.474795 0.20502 -0.025334)
(0.479803 0.205015 -0.025334)
(0.484811 0.20501 -0.025334)
(0.489819 0.205005 -0.025334)
(0.494828 0.205 -0.025334)
(0.499836 0.204994 -0.025334)
(0.504844 0.204988 -0.025334)
(0.509852 0.204983 -0.025334)
(0.51486 0.204977 -0.025334)
(0.519868 0.204971 -0.025334)
(0.524876 0.204965 -0.025334)
(0.529884 0.204958 -0.025334)
(0.534892 0.204952 -0.025334)
(0.5399 0.204946 -0.025334)
(0.544908 0.204939 -0.025334)
(0.549916 0.204933 -0.025334)
(0.554923 0.204926 -0.025334)
(0.559931 0.20492 -0.025334)
(0.564939 0.204913 -0.025334)
(0.569947 0.204907 -0.025334)
(0.574955 0.2049 -0.025334)
(0.579963 0.204894 -0.025334)
(0.584971 0.204887 -0.025334)
(0.589979 0.204881 -0.025334)
(0.594987 0.204874 -0.025334)
)


// ************************************************************************* //
