/*--------------------------------*- C++ -*----------------------------------*\
| =========                 |                                                 |
| \\      /  F ield         | OpenFOAM Extend Project: Open source CFD        |
|  \\    /   O peration     | Version:  1.6-ext                               |
|   \\  /    A nd           | Web:      www.extend-project.de                 |
|    \\/     M anipulation  |                                                 |
\*---------------------------------------------------------------------------*/
FoamFile
{
    version     2.0;
    format      ascii;
    class       vectorField;
    location    "0.45/polyMesh";
    object      points;
}
// * * * * * * * * * * * * * * * * * * * * * * * * * * * * * * * * * * * * * //


830
(
(0.299523 0.210012 0.025334)
(0.299528 0.190011 0.025334)
(0.599977 0.18961 0.025334)
(0.594969 0.18962 0.025334)
(0.589961 0.189631 0.025334)
(0.584953 0.189642 0.025334)
(0.579945 0.189653 0.025334)
(0.574937 0.189664 0.025334)
(0.569929 0.189675 0.025334)
(0.564921 0.189686 0.025334)
(0.559913 0.189697 0.025334)
(0.554906 0.189708 0.025334)
(0.549898 0.189719 0.025334)
(0.54489 0.189729 0.025334)
(0.539882 0.18974 0.025334)
(0.534874 0.189751 0.025334)
(0.529866 0.189762 0.025334)
(0.524858 0.189773 0.025334)
(0.51985 0.189783 0.025334)
(0.514843 0.189794 0.025334)
(0.509835 0.189804 0.025334)
(0.504827 0.189814 0.025334)
(0.499819 0.189825 0.025334)
(0.494811 0.189835 0.025334)
(0.489804 0.189845 0.025334)
(0.484796 0.189855 0.025334)
(0.479788 0.189864 0.025334)
(0.474781 0.189874 0.025334)
(0.469773 0.189883 0.025334)
(0.464765 0.189892 0.025334)
(0.459758 0.189901 0.025334)
(0.45475 0.18991 0.025334)
(0.449743 0.189918 0.025334)
(0.444735 0.189926 0.025334)
(0.439728 0.189934 0.025334)
(0.434721 0.189941 0.025334)
(0.429713 0.189948 0.025334)
(0.424706 0.189955 0.025334)
(0.419699 0.189962 0.025334)
(0.414692 0.189968 0.025334)
(0.409684 0.189974 0.025334)
(0.404677 0.189979 0.025334)
(0.39967 0.189984 0.025334)
(0.394663 0.189989 0.025334)
(0.389656 0.189993 0.025334)
(0.384649 0.189997 0.025334)
(0.379642 0.19 0.025334)
(0.374635 0.190003 0.025334)
(0.369628 0.190006 0.025334)
(0.364621 0.190008 0.025334)
(0.359614 0.19001 0.025334)
(0.354607 0.190012 0.025334)
(0.3496 0.190013 0.025334)
(0.344593 0.190014 0.025334)
(0.339586 0.190015 0.025334)
(0.334579 0.190015 0.025334)
(0.329571 0.190015 0.025334)
(0.324564 0.190015 0.025334)
(0.319557 0.190014 0.025334)
(0.31455 0.190014 0.025334)
(0.309542 0.190013 0.025334)
(0.304535 0.190012 0.025334)
(0.599998 0.199609 0.025334)
(0.599987 0.194609 0.025334)
(0.60002 0.209609 0.025334)
(0.600009 0.204609 0.025334)
(0.304531 0.210013 0.025334)
(0.309539 0.210014 0.025334)
(0.314547 0.210015 0.025334)
(0.319555 0.210015 0.025334)
(0.324563 0.210016 0.025334)
(0.329571 0.210016 0.025334)
(0.33458 0.210016 0.025334)
(0.339588 0.210015 0.025334)
(0.344596 0.210015 0.025334)
(0.349604 0.210014 0.025334)
(0.354613 0.210013 0.025334)
(0.359621 0.210011 0.025334)
(0.36463 0.210009 0.025334)
(0.369638 0.210007 0.025334)
(0.374647 0.210004 0.025334)
(0.379655 0.210001 0.025334)
(0.384664 0.209997 0.025334)
(0.389672 0.209993 0.025334)
(0.394681 0.209989 0.025334)
(0.399689 0.209984 0.025334)
(0.404698 0.209979 0.025334)
(0.409707 0.209974 0.025334)
(0.414715 0.209968 0.025334)
(0.419724 0.209962 0.025334)
(0.424733 0.209955 0.025334)
(0.429741 0.209948 0.025334)
(0.43475 0.209941 0.025334)
(0.439758 0.209933 0.025334)
(0.444767 0.209926 0.025334)
(0.449775 0.209917 0.025334)
(0.454784 0.209909 0.025334)
(0.459793 0.2099 0.025334)
(0.464801 0.209892 0.025334)
(0.469809 0.209882 0.025334)
(0.474818 0.209873 0.025334)
(0.479826 0.209864 0.025334)
(0.484835 0.209854 0.025334)
(0.489843 0.209844 0.025334)
(0.494851 0.209834 0.025334)
(0.49986 0.209824 0.025334)
(0.504868 0.209814 0.025334)
(0.509876 0.209803 0.025334)
(0.514884 0.209793 0.025334)
(0.519892 0.209783 0.025334)
(0.524901 0.209772 0.025334)
(0.529909 0.209761 0.025334)
(0.534917 0.209751 0.025334)
(0.539925 0.20974 0.025334)
(0.544933 0.209729 0.025334)
(0.549941 0.209718 0.025334)
(0.554949 0.209707 0.025334)
(0.559957 0.209696 0.025334)
(0.564965 0.209686 0.025334)
(0.569973 0.209675 0.025334)
(0.574981 0.209664 0.025334)
(0.579989 0.209653 0.025334)
(0.584997 0.209642 0.025334)
(0.590004 0.209631 0.025334)
(0.595012 0.20962 0.025334)
(0.248989 0.21 0.025334)
(0.249989 0.21 0.025334)
(0.251062 0.210001 0.025334)
(0.252212 0.210001 0.025334)
(0.253445 0.210001 0.025334)
(0.254768 0.210001 0.025334)
(0.256187 0.210001 0.025334)
(0.257709 0.210002 0.025334)
(0.259341 0.210002 0.025334)
(0.261091 0.210002 0.025334)
(0.262969 0.210002 0.025334)
(0.264982 0.210003 0.025334)
(0.267141 0.210003 0.025334)
(0.269457 0.210004 0.025334)
(0.271941 0.210004 0.025334)
(0.274605 0.210005 0.025334)
(0.277463 0.210006 0.025334)
(0.280527 0.210007 0.025334)
(0.283814 0.210007 0.025334)
(0.287339 0.210008 0.025334)
(0.29112 0.210009 0.025334)
(0.295174 0.21001 0.025334)
(0.24899 0.19 0.025334)
(0.295179 0.19001 0.025334)
(0.291124 0.190009 0.025334)
(0.287344 0.190008 0.025334)
(0.283819 0.190007 0.025334)
(0.280532 0.190006 0.025334)
(0.277467 0.190005 0.025334)
(0.27461 0.190004 0.025334)
(0.271946 0.190004 0.025334)
(0.269461 0.190003 0.025334)
(0.267145 0.190002 0.025334)
(0.264985 0.190002 0.025334)
(0.262972 0.190002 0.025334)
(0.261094 0.190001 0.025334)
(0.259343 0.190001 0.025334)
(0.257711 0.190001 0.025334)
(0.256189 0.190001 0.025334)
(0.25477 0.19 0.025334)
(0.253447 0.19 0.025334)
(0.252213 0.19 0.025334)
(0.251063 0.19 0.025334)
(0.24999 0.19 0.025334)
(0.24899 0.195 0.025334)
(0.24899 0.2 0.025334)
(0.24899 0.205 0.025334)
(0.24999 0.195 0.025334)
(0.251062 0.195 0.025334)
(0.252213 0.195 0.025334)
(0.253446 0.195 0.025334)
(0.254769 0.195 0.025334)
(0.256188 0.195001 0.025334)
(0.25771 0.195001 0.025334)
(0.259343 0.195001 0.025334)
(0.261093 0.195001 0.025334)
(0.262971 0.195002 0.025334)
(0.264984 0.195002 0.025334)
(0.267144 0.195003 0.025334)
(0.26946 0.195003 0.025334)
(0.271944 0.195004 0.025334)
(0.274609 0.195004 0.025334)
(0.277466 0.195005 0.025334)
(0.280531 0.195006 0.025334)
(0.283817 0.195007 0.025334)
(0.287342 0.195008 0.025334)
(0.291123 0.195009 0.025334)
(0.295178 0.19501 0.025334)
(0.299526 0.195011 0.025334)
(0.304534 0.195012 0.025334)
(0.309541 0.195013 0.025334)
(0.314549 0.195014 0.025334)
(0.319556 0.195015 0.025334)
(0.324564 0.195015 0.025334)
(0.329571 0.195016 0.025334)
(0.334579 0.195015 0.025334)
(0.339586 0.195015 0.025334)
(0.344594 0.195015 0.025334)
(0.349601 0.195014 0.025334)
(0.354608 0.195012 0.025334)
(0.359616 0.195011 0.025334)
(0.364623 0.195009 0.025334)
(0.36963 0.195006 0.025334)
(0.374638 0.195004 0.025334)
(0.379645 0.195001 0.025334)
(0.384653 0.194997 0.025334)
(0.38966 0.194993 0.025334)
(0.394668 0.194989 0.025334)
(0.399675 0.194984 0.025334)
(0.404683 0.194979 0.025334)
(0.40969 0.194974 0.025334)
(0.414698 0.194968 0.025334)
(0.419705 0.194962 0.025334)
(0.424713 0.194955 0.025334)
(0.42972 0.194949 0.025334)
(0.434728 0.194941 0.025334)
(0.439736 0.194934 0.025334)
(0.444743 0.194926 0.025334)
(0.449751 0.194918 0.025334)
(0.454759 0.19491 0.025334)
(0.459767 0.194901 0.025334)
(0.464774 0.194892 0.025334)
(0.469782 0.194883 0.025334)
(0.47479 0.194874 0.025334)
(0.479798 0.194864 0.025334)
(0.484806 0.194855 0.025334)
(0.489814 0.194845 0.025334)
(0.494821 0.194835 0.025334)
(0.499829 0.194825 0.025334)
(0.504837 0.194814 0.025334)
(0.509845 0.194804 0.025334)
(0.514853 0.194794 0.025334)
(0.519861 0.194783 0.025334)
(0.524869 0.194772 0.025334)
(0.529877 0.194762 0.025334)
(0.534885 0.194751 0.025334)
(0.539893 0.19474 0.025334)
(0.544901 0.194729 0.025334)
(0.549908 0.194719 0.025334)
(0.554916 0.194708 0.025334)
(0.559924 0.194697 0.025334)
(0.564932 0.194686 0.025334)
(0.56994 0.194675 0.025334)
(0.574948 0.194664 0.025334)
(0.579956 0.194653 0.025334)
(0.584964 0.194642 0.025334)
(0.589972 0.194631 0.025334)
(0.59498 0.19462 0.025334)
(0.24999 0.2 0.025334)
(0.251062 0.2 0.025334)
(0.252212 0.2 0.025334)
(0.253446 0.2 0.025334)
(0.254769 0.2 0.025334)
(0.256188 0.200001 0.025334)
(0.25771 0.200001 0.025334)
(0.259342 0.200001 0.025334)
(0.261093 0.200001 0.025334)
(0.26297 0.200002 0.025334)
(0.264984 0.200002 0.025334)
(0.267143 0.200003 0.025334)
(0.269459 0.200003 0.025334)
(0.271943 0.200004 0.025334)
(0.274608 0.200005 0.025334)
(0.277465 0.200005 0.025334)
(0.28053 0.200006 0.025334)
(0.283816 0.200007 0.025334)
(0.287341 0.200008 0.025334)
(0.291122 0.200009 0.025334)
(0.295177 0.20001 0.025334)
(0.299525 0.200011 0.025334)
(0.304533 0.200012 0.025334)
(0.309541 0.200013 0.025334)
(0.314548 0.200014 0.025334)
(0.319556 0.200015 0.025334)
(0.324564 0.200016 0.025334)
(0.329571 0.200016 0.025334)
(0.334579 0.200016 0.025334)
(0.339587 0.200015 0.025334)
(0.344594 0.200015 0.025334)
(0.349602 0.200014 0.025334)
(0.35461 0.200013 0.025334)
(0.359618 0.200011 0.025334)
(0.364625 0.200009 0.025334)
(0.369633 0.200007 0.025334)
(0.374641 0.200004 0.025334)
(0.379649 0.200001 0.025334)
(0.384656 0.199997 0.025334)
(0.389664 0.199993 0.025334)
(0.394672 0.199989 0.025334)
(0.39968 0.199985 0.025334)
(0.404688 0.199979 0.025334)
(0.409696 0.199974 0.025334)
(0.414703 0.199968 0.025334)
(0.419711 0.199962 0.025334)
(0.424719 0.199956 0.025334)
(0.429727 0.199949 0.025334)
(0.434735 0.199941 0.025334)
(0.439743 0.199934 0.025334)
(0.444751 0.199926 0.025334)
(0.449759 0.199918 0.025334)
(0.454767 0.19991 0.025334)
(0.459775 0.199901 0.025334)
(0.464783 0.199892 0.025334)
(0.469791 0.199883 0.025334)
(0.474799 0.199874 0.025334)
(0.479807 0.199864 0.025334)
(0.484815 0.199855 0.025334)
(0.489823 0.199845 0.025334)
(0.494831 0.199835 0.025334)
(0.499839 0.199825 0.025334)
(0.504847 0.199814 0.025334)
(0.509855 0.199804 0.025334)
(0.514863 0.199793 0.025334)
(0.519871 0.199783 0.025334)
(0.524879 0.199772 0.025334)
(0.529887 0.199762 0.025334)
(0.534895 0.199751 0.025334)
(0.539903 0.19974 0.025334)
(0.544911 0.199729 0.025334)
(0.549919 0.199718 0.025334)
(0.554927 0.199708 0.025334)
(0.559935 0.199697 0.025334)
(0.564943 0.199686 0.025334)
(0.569951 0.199675 0.025334)
(0.574959 0.199664 0.025334)
(0.579967 0.199653 0.025334)
(0.584975 0.199642 0.025334)
(0.589983 0.199631 0.025334)
(0.59499 0.19962 0.025334)
(0.24999 0.205 0.025334)
(0.251062 0.205 0.025334)
(0.252212 0.205 0.025334)
(0.253446 0.205001 0.025334)
(0.254769 0.205001 0.025334)
(0.256188 0.205001 0.025334)
(0.257709 0.205001 0.025334)
(0.259342 0.205001 0.025334)
(0.261092 0.205002 0.025334)
(0.262969 0.205002 0.025334)
(0.264983 0.205003 0.025334)
(0.267142 0.205003 0.025334)
(0.269458 0.205003 0.025334)
(0.271943 0.205004 0.025334)
(0.274607 0.205005 0.025334)
(0.277464 0.205006 0.025334)
(0.280528 0.205006 0.025334)
(0.283815 0.205007 0.025334)
(0.28734 0.205008 0.025334)
(0.291121 0.205009 0.025334)
(0.295176 0.20501 0.025334)
(0.299524 0.205011 0.025334)
(0.304532 0.205013 0.025334)
(0.30954 0.205014 0.025334)
(0.314548 0.205014 0.025334)
(0.319556 0.205015 0.025334)
(0.324563 0.205016 0.025334)
(0.329571 0.205016 0.025334)
(0.334579 0.205016 0.025334)
(0.339587 0.205016 0.025334)
(0.344595 0.205015 0.025334)
(0.349603 0.205014 0.025334)
(0.354611 0.205013 0.025334)
(0.359619 0.205011 0.025334)
(0.364628 0.205009 0.025334)
(0.369636 0.205007 0.025334)
(0.374644 0.205004 0.025334)
(0.379652 0.205001 0.025334)
(0.38466 0.204997 0.025334)
(0.389668 0.204993 0.025334)
(0.394676 0.204989 0.025334)
(0.399685 0.204984 0.025334)
(0.404693 0.204979 0.025334)
(0.409701 0.204974 0.025334)
(0.414709 0.204968 0.025334)
(0.419718 0.204962 0.025334)
(0.424726 0.204955 0.025334)
(0.429734 0.204948 0.025334)
(0.434742 0.204941 0.025334)
(0.439751 0.204934 0.025334)
(0.444759 0.204926 0.025334)
(0.449767 0.204918 0.025334)
(0.454776 0.204909 0.025334)
(0.459784 0.204901 0.025334)
(0.464792 0.204892 0.025334)
(0.4698 0.204883 0.025334)
(0.474809 0.204873 0.025334)
(0.479817 0.204864 0.025334)
(0.484825 0.204854 0.025334)
(0.489833 0.204844 0.025334)
(0.494841 0.204834 0.025334)
(0.499849 0.204824 0.025334)
(0.504858 0.204814 0.025334)
(0.509866 0.204804 0.025334)
(0.514874 0.204793 0.025334)
(0.519882 0.204783 0.025334)
(0.52489 0.204772 0.025334)
(0.529898 0.204761 0.025334)
(0.534906 0.204751 0.025334)
(0.539914 0.20474 0.025334)
(0.544922 0.204729 0.025334)
(0.54993 0.204718 0.025334)
(0.554938 0.204707 0.025334)
(0.559946 0.204697 0.025334)
(0.564954 0.204686 0.025334)
(0.569962 0.204675 0.025334)
(0.57497 0.204664 0.025334)
(0.579978 0.204653 0.025334)
(0.584986 0.204642 0.025334)
(0.589993 0.204631 0.025334)
(0.595001 0.20462 0.025334)
(0.299523 0.210012 -0.025334)
(0.299528 0.190011 -0.025334)
(0.599977 0.18961 -0.025334)
(0.594969 0.18962 -0.025334)
(0.589961 0.189631 -0.025334)
(0.584953 0.189642 -0.025334)
(0.579945 0.189653 -0.025334)
(0.574937 0.189664 -0.025334)
(0.569929 0.189675 -0.025334)
(0.564921 0.189686 -0.025334)
(0.559913 0.189697 -0.025334)
(0.554906 0.189708 -0.025334)
(0.549898 0.189719 -0.025334)
(0.54489 0.189729 -0.025334)
(0.539882 0.18974 -0.025334)
(0.534874 0.189751 -0.025334)
(0.529866 0.189762 -0.025334)
(0.524858 0.189773 -0.025334)
(0.51985 0.189783 -0.025334)
(0.514843 0.189794 -0.025334)
(0.509835 0.189804 -0.025334)
(0.504827 0.189814 -0.025334)
(0.499819 0.189825 -0.025334)
(0.494811 0.189835 -0.025334)
(0.489804 0.189845 -0.025334)
(0.484796 0.189855 -0.025334)
(0.479788 0.189864 -0.025334)
(0.474781 0.189874 -0.025334)
(0.469773 0.189883 -0.025334)
(0.464765 0.189892 -0.025334)
(0.459758 0.189901 -0.025334)
(0.45475 0.18991 -0.025334)
(0.449743 0.189918 -0.025334)
(0.444735 0.189926 -0.025334)
(0.439728 0.189934 -0.025334)
(0.434721 0.189941 -0.025334)
(0.429713 0.189948 -0.025334)
(0.424706 0.189955 -0.025334)
(0.419699 0.189962 -0.025334)
(0.414692 0.189968 -0.025334)
(0.409684 0.189974 -0.025334)
(0.404677 0.189979 -0.025334)
(0.39967 0.189984 -0.025334)
(0.394663 0.189989 -0.025334)
(0.389656 0.189993 -0.025334)
(0.384649 0.189997 -0.025334)
(0.379642 0.19 -0.025334)
(0.374635 0.190003 -0.025334)
(0.369628 0.190006 -0.025334)
(0.364621 0.190008 -0.025334)
(0.359614 0.19001 -0.025334)
(0.354607 0.190012 -0.025334)
(0.3496 0.190013 -0.025334)
(0.344593 0.190014 -0.025334)
(0.339586 0.190015 -0.025334)
(0.334579 0.190015 -0.025334)
(0.329571 0.190015 -0.025334)
(0.324564 0.190015 -0.025334)
(0.319557 0.190014 -0.025334)
(0.31455 0.190014 -0.025334)
(0.309542 0.190013 -0.025334)
(0.304535 0.190012 -0.025334)
(0.599998 0.199609 -0.025334)
(0.599987 0.194609 -0.025334)
(0.60002 0.209609 -0.025334)
(0.600009 0.204609 -0.025334)
(0.304531 0.210013 -0.025334)
(0.309539 0.210014 -0.025334)
(0.314547 0.210015 -0.025334)
(0.319555 0.210015 -0.025334)
(0.324563 0.210016 -0.025334)
(0.329571 0.210016 -0.025334)
(0.33458 0.210016 -0.025334)
(0.339588 0.210015 -0.025334)
(0.344596 0.210015 -0.025334)
(0.349604 0.210014 -0.025334)
(0.354613 0.210013 -0.025334)
(0.359621 0.210011 -0.025334)
(0.36463 0.210009 -0.025334)
(0.369638 0.210007 -0.025334)
(0.374647 0.210004 -0.025334)
(0.379655 0.210001 -0.025334)
(0.384664 0.209997 -0.025334)
(0.389672 0.209993 -0.025334)
(0.394681 0.209989 -0.025334)
(0.399689 0.209984 -0.025334)
(0.404698 0.209979 -0.025334)
(0.409707 0.209974 -0.025334)
(0.414715 0.209968 -0.025334)
(0.419724 0.209962 -0.025334)
(0.424733 0.209955 -0.025334)
(0.429741 0.209948 -0.025334)
(0.43475 0.209941 -0.025334)
(0.439758 0.209933 -0.025334)
(0.444767 0.209926 -0.025334)
(0.449775 0.209917 -0.025334)
(0.454784 0.209909 -0.025334)
(0.459793 0.2099 -0.025334)
(0.464801 0.209892 -0.025334)
(0.469809 0.209882 -0.025334)
(0.474818 0.209873 -0.025334)
(0.479826 0.209864 -0.025334)
(0.484835 0.209854 -0.025334)
(0.489843 0.209844 -0.025334)
(0.494851 0.209834 -0.025334)
(0.49986 0.209824 -0.025334)
(0.504868 0.209814 -0.025334)
(0.509876 0.209803 -0.025334)
(0.514884 0.209793 -0.025334)
(0.519892 0.209783 -0.025334)
(0.524901 0.209772 -0.025334)
(0.529909 0.209761 -0.025334)
(0.534917 0.209751 -0.025334)
(0.539925 0.20974 -0.025334)
(0.544933 0.209729 -0.025334)
(0.549941 0.209718 -0.025334)
(0.554949 0.209707 -0.025334)
(0.559957 0.209696 -0.025334)
(0.564965 0.209686 -0.025334)
(0.569973 0.209675 -0.025334)
(0.574981 0.209664 -0.025334)
(0.579989 0.209653 -0.025334)
(0.584997 0.209642 -0.025334)
(0.590004 0.209631 -0.025334)
(0.595012 0.20962 -0.025334)
(0.248989 0.21 -0.025334)
(0.249989 0.21 -0.025334)
(0.251062 0.210001 -0.025334)
(0.252212 0.210001 -0.025334)
(0.253445 0.210001 -0.025334)
(0.254768 0.210001 -0.025334)
(0.256187 0.210001 -0.025334)
(0.257709 0.210002 -0.025334)
(0.259341 0.210002 -0.025334)
(0.261091 0.210002 -0.025334)
(0.262969 0.210002 -0.025334)
(0.264982 0.210003 -0.025334)
(0.267141 0.210003 -0.025334)
(0.269457 0.210004 -0.025334)
(0.271941 0.210004 -0.025334)
(0.274605 0.210005 -0.025334)
(0.277463 0.210006 -0.025334)
(0.280527 0.210007 -0.025334)
(0.283814 0.210007 -0.025334)
(0.287339 0.210008 -0.025334)
(0.29112 0.210009 -0.025334)
(0.295174 0.21001 -0.025334)
(0.24899 0.19 -0.025334)
(0.295179 0.19001 -0.025334)
(0.291124 0.190009 -0.025334)
(0.287344 0.190008 -0.025334)
(0.283819 0.190007 -0.025334)
(0.280532 0.190006 -0.025334)
(0.277467 0.190005 -0.025334)
(0.27461 0.190004 -0.025334)
(0.271946 0.190004 -0.025334)
(0.269461 0.190003 -0.025334)
(0.267145 0.190002 -0.025334)
(0.264985 0.190002 -0.025334)
(0.262972 0.190002 -0.025334)
(0.261094 0.190001 -0.025334)
(0.259343 0.190001 -0.025334)
(0.257711 0.190001 -0.025334)
(0.256189 0.190001 -0.025334)
(0.25477 0.19 -0.025334)
(0.253447 0.19 -0.025334)
(0.252213 0.19 -0.025334)
(0.251063 0.19 -0.025334)
(0.24999 0.19 -0.025334)
(0.24899 0.195 -0.025334)
(0.24899 0.2 -0.025334)
(0.24899 0.205 -0.025334)
(0.24999 0.195 -0.025334)
(0.251062 0.195 -0.025334)
(0.252213 0.195 -0.025334)
(0.253446 0.195 -0.025334)
(0.254769 0.195 -0.025334)
(0.256188 0.195001 -0.025334)
(0.25771 0.195001 -0.025334)
(0.259343 0.195001 -0.025334)
(0.261093 0.195001 -0.025334)
(0.262971 0.195002 -0.025334)
(0.264984 0.195002 -0.025334)
(0.267144 0.195003 -0.025334)
(0.26946 0.195003 -0.025334)
(0.271944 0.195004 -0.025334)
(0.274609 0.195004 -0.025334)
(0.277466 0.195005 -0.025334)
(0.280531 0.195006 -0.025334)
(0.283817 0.195007 -0.025334)
(0.287342 0.195008 -0.025334)
(0.291123 0.195009 -0.025334)
(0.295178 0.19501 -0.025334)
(0.299526 0.195011 -0.025334)
(0.304534 0.195012 -0.025334)
(0.309541 0.195013 -0.025334)
(0.314549 0.195014 -0.025334)
(0.319556 0.195015 -0.025334)
(0.324564 0.195015 -0.025334)
(0.329571 0.195016 -0.025334)
(0.334579 0.195015 -0.025334)
(0.339586 0.195015 -0.025334)
(0.344594 0.195015 -0.025334)
(0.349601 0.195014 -0.025334)
(0.354608 0.195012 -0.025334)
(0.359616 0.195011 -0.025334)
(0.364623 0.195009 -0.025334)
(0.36963 0.195006 -0.025334)
(0.374638 0.195004 -0.025334)
(0.379645 0.195001 -0.025334)
(0.384653 0.194997 -0.025334)
(0.38966 0.194993 -0.025334)
(0.394668 0.194989 -0.025334)
(0.399675 0.194984 -0.025334)
(0.404683 0.194979 -0.025334)
(0.40969 0.194974 -0.025334)
(0.414698 0.194968 -0.025334)
(0.419705 0.194962 -0.025334)
(0.424713 0.194955 -0.025334)
(0.42972 0.194949 -0.025334)
(0.434728 0.194941 -0.025334)
(0.439736 0.194934 -0.025334)
(0.444743 0.194926 -0.025334)
(0.449751 0.194918 -0.025334)
(0.454759 0.19491 -0.025334)
(0.459767 0.194901 -0.025334)
(0.464774 0.194892 -0.025334)
(0.469782 0.194883 -0.025334)
(0.47479 0.194874 -0.025334)
(0.479798 0.194864 -0.025334)
(0.484806 0.194855 -0.025334)
(0.489814 0.194845 -0.025334)
(0.494821 0.194835 -0.025334)
(0.499829 0.194825 -0.025334)
(0.504837 0.194814 -0.025334)
(0.509845 0.194804 -0.025334)
(0.514853 0.194794 -0.025334)
(0.519861 0.194783 -0.025334)
(0.524869 0.194772 -0.025334)
(0.529877 0.194762 -0.025334)
(0.534885 0.194751 -0.025334)
(0.539893 0.19474 -0.025334)
(0.544901 0.194729 -0.025334)
(0.549908 0.194719 -0.025334)
(0.554916 0.194708 -0.025334)
(0.559924 0.194697 -0.025334)
(0.564932 0.194686 -0.025334)
(0.56994 0.194675 -0.025334)
(0.574948 0.194664 -0.025334)
(0.579956 0.194653 -0.025334)
(0.584964 0.194642 -0.025334)
(0.589972 0.194631 -0.025334)
(0.59498 0.19462 -0.025334)
(0.24999 0.2 -0.025334)
(0.251062 0.2 -0.025334)
(0.252212 0.2 -0.025334)
(0.253446 0.2 -0.025334)
(0.254769 0.2 -0.025334)
(0.256188 0.200001 -0.025334)
(0.25771 0.200001 -0.025334)
(0.259342 0.200001 -0.025334)
(0.261093 0.200001 -0.025334)
(0.26297 0.200002 -0.025334)
(0.264984 0.200002 -0.025334)
(0.267143 0.200003 -0.025334)
(0.269459 0.200003 -0.025334)
(0.271943 0.200004 -0.025334)
(0.274608 0.200005 -0.025334)
(0.277465 0.200005 -0.025334)
(0.28053 0.200006 -0.025334)
(0.283816 0.200007 -0.025334)
(0.287341 0.200008 -0.025334)
(0.291122 0.200009 -0.025334)
(0.295177 0.20001 -0.025334)
(0.299525 0.200011 -0.025334)
(0.304533 0.200012 -0.025334)
(0.309541 0.200013 -0.025334)
(0.314548 0.200014 -0.025334)
(0.319556 0.200015 -0.025334)
(0.324564 0.200016 -0.025334)
(0.329571 0.200016 -0.025334)
(0.334579 0.200016 -0.025334)
(0.339587 0.200015 -0.025334)
(0.344594 0.200015 -0.025334)
(0.349602 0.200014 -0.025334)
(0.35461 0.200013 -0.025334)
(0.359618 0.200011 -0.025334)
(0.364625 0.200009 -0.025334)
(0.369633 0.200007 -0.025334)
(0.374641 0.200004 -0.025334)
(0.379649 0.200001 -0.025334)
(0.384656 0.199997 -0.025334)
(0.389664 0.199993 -0.025334)
(0.394672 0.199989 -0.025334)
(0.39968 0.199985 -0.025334)
(0.404688 0.199979 -0.025334)
(0.409696 0.199974 -0.025334)
(0.414703 0.199968 -0.025334)
(0.419711 0.199962 -0.025334)
(0.424719 0.199956 -0.025334)
(0.429727 0.199949 -0.025334)
(0.434735 0.199941 -0.025334)
(0.439743 0.199934 -0.025334)
(0.444751 0.199926 -0.025334)
(0.449759 0.199918 -0.025334)
(0.454767 0.19991 -0.025334)
(0.459775 0.199901 -0.025334)
(0.464783 0.199892 -0.025334)
(0.469791 0.199883 -0.025334)
(0.474799 0.199874 -0.025334)
(0.479807 0.199864 -0.025334)
(0.484815 0.199855 -0.025334)
(0.489823 0.199845 -0.025334)
(0.494831 0.199835 -0.025334)
(0.499839 0.199825 -0.025334)
(0.504847 0.199814 -0.025334)
(0.509855 0.199804 -0.025334)
(0.514863 0.199793 -0.025334)
(0.519871 0.199783 -0.025334)
(0.524879 0.199772 -0.025334)
(0.529887 0.199762 -0.025334)
(0.534895 0.199751 -0.025334)
(0.539903 0.19974 -0.025334)
(0.544911 0.199729 -0.025334)
(0.549919 0.199718 -0.025334)
(0.554927 0.199708 -0.025334)
(0.559935 0.199697 -0.025334)
(0.564943 0.199686 -0.025334)
(0.569951 0.199675 -0.025334)
(0.574959 0.199664 -0.025334)
(0.579967 0.199653 -0.025334)
(0.584975 0.199642 -0.025334)
(0.589983 0.199631 -0.025334)
(0.59499 0.19962 -0.025334)
(0.24999 0.205 -0.025334)
(0.251062 0.205 -0.025334)
(0.252212 0.205 -0.025334)
(0.253446 0.205001 -0.025334)
(0.254769 0.205001 -0.025334)
(0.256188 0.205001 -0.025334)
(0.257709 0.205001 -0.025334)
(0.259342 0.205001 -0.025334)
(0.261092 0.205002 -0.025334)
(0.262969 0.205002 -0.025334)
(0.264983 0.205003 -0.025334)
(0.267142 0.205003 -0.025334)
(0.269458 0.205003 -0.025334)
(0.271943 0.205004 -0.025334)
(0.274607 0.205005 -0.025334)
(0.277464 0.205006 -0.025334)
(0.280528 0.205006 -0.025334)
(0.283815 0.205007 -0.025334)
(0.28734 0.205008 -0.025334)
(0.291121 0.205009 -0.025334)
(0.295176 0.20501 -0.025334)
(0.299524 0.205011 -0.025334)
(0.304532 0.205013 -0.025334)
(0.30954 0.205014 -0.025334)
(0.314548 0.205014 -0.025334)
(0.319556 0.205015 -0.025334)
(0.324563 0.205016 -0.025334)
(0.329571 0.205016 -0.025334)
(0.334579 0.205016 -0.025334)
(0.339587 0.205016 -0.025334)
(0.344595 0.205015 -0.025334)
(0.349603 0.205014 -0.025334)
(0.354611 0.205013 -0.025334)
(0.359619 0.205011 -0.025334)
(0.364628 0.205009 -0.025334)
(0.369636 0.205007 -0.025334)
(0.374644 0.205004 -0.025334)
(0.379652 0.205001 -0.025334)
(0.38466 0.204997 -0.025334)
(0.389668 0.204993 -0.025334)
(0.394676 0.204989 -0.025334)
(0.399685 0.204984 -0.025334)
(0.404693 0.204979 -0.025334)
(0.409701 0.204974 -0.025334)
(0.414709 0.204968 -0.025334)
(0.419718 0.204962 -0.025334)
(0.424726 0.204955 -0.025334)
(0.429734 0.204948 -0.025334)
(0.434742 0.204941 -0.025334)
(0.439751 0.204934 -0.025334)
(0.444759 0.204926 -0.025334)
(0.449767 0.204918 -0.025334)
(0.454776 0.204909 -0.025334)
(0.459784 0.204901 -0.025334)
(0.464792 0.204892 -0.025334)
(0.4698 0.204883 -0.025334)
(0.474809 0.204873 -0.025334)
(0.479817 0.204864 -0.025334)
(0.484825 0.204854 -0.025334)
(0.489833 0.204844 -0.025334)
(0.494841 0.204834 -0.025334)
(0.499849 0.204824 -0.025334)
(0.504858 0.204814 -0.025334)
(0.509866 0.204804 -0.025334)
(0.514874 0.204793 -0.025334)
(0.519882 0.204783 -0.025334)
(0.52489 0.204772 -0.025334)
(0.529898 0.204761 -0.025334)
(0.534906 0.204751 -0.025334)
(0.539914 0.20474 -0.025334)
(0.544922 0.204729 -0.025334)
(0.54993 0.204718 -0.025334)
(0.554938 0.204707 -0.025334)
(0.559946 0.204697 -0.025334)
(0.564954 0.204686 -0.025334)
(0.569962 0.204675 -0.025334)
(0.57497 0.204664 -0.025334)
(0.579978 0.204653 -0.025334)
(0.584986 0.204642 -0.025334)
(0.589993 0.204631 -0.025334)
(0.595001 0.20462 -0.025334)
)


// ************************************************************************* //
