/*--------------------------------*- C++ -*----------------------------------*\
| =========                 |                                                 |
| \\      /  F ield         | OpenFOAM Extend Project: Open source CFD        |
|  \\    /   O peration     | Version:  1.6-ext                               |
|   \\  /    A nd           | Web:      www.extend-project.de                 |
|    \\/     M anipulation  |                                                 |
\*---------------------------------------------------------------------------*/
FoamFile
{
    version     2.0;
    format      ascii;
    class       vectorField;
    location    "0.3/polyMesh";
    object      points;
}
// * * * * * * * * * * * * * * * * * * * * * * * * * * * * * * * * * * * * * //


830
(
(0.299529 0.209991 0.025334)
(0.299521 0.18999 0.025334)
(0.599985 0.189653 0.025334)
(0.594977 0.189659 0.025334)
(0.589969 0.189665 0.025334)
(0.584961 0.189672 0.025334)
(0.579953 0.189678 0.025334)
(0.574945 0.189685 0.025334)
(0.569937 0.189691 0.025334)
(0.564929 0.189697 0.025334)
(0.559922 0.189704 0.025334)
(0.554914 0.18971 0.025334)
(0.549906 0.189717 0.025334)
(0.544898 0.189723 0.025334)
(0.53989 0.18973 0.025334)
(0.534882 0.189736 0.025334)
(0.529874 0.189743 0.025334)
(0.524866 0.189749 0.025334)
(0.519858 0.189755 0.025334)
(0.514851 0.189762 0.025334)
(0.509843 0.189768 0.025334)
(0.504835 0.189775 0.025334)
(0.499827 0.189781 0.025334)
(0.494819 0.189788 0.025334)
(0.489811 0.189794 0.025334)
(0.484803 0.189801 0.025334)
(0.479795 0.189807 0.025334)
(0.474787 0.189814 0.025334)
(0.469779 0.18982 0.025334)
(0.464772 0.189827 0.025334)
(0.459764 0.189833 0.025334)
(0.454756 0.18984 0.025334)
(0.449748 0.189846 0.025334)
(0.44474 0.189853 0.025334)
(0.439732 0.189859 0.025334)
(0.434724 0.189866 0.025334)
(0.429716 0.189872 0.025334)
(0.424709 0.189878 0.025334)
(0.419701 0.189884 0.025334)
(0.414693 0.18989 0.025334)
(0.409685 0.189896 0.025334)
(0.404677 0.189902 0.025334)
(0.39967 0.189908 0.025334)
(0.394662 0.189914 0.025334)
(0.389654 0.18992 0.025334)
(0.384646 0.189925 0.025334)
(0.379639 0.18993 0.025334)
(0.374631 0.189936 0.025334)
(0.369623 0.189941 0.025334)
(0.364616 0.189946 0.025334)
(0.359608 0.18995 0.025334)
(0.354601 0.189955 0.025334)
(0.349593 0.189959 0.025334)
(0.344586 0.189963 0.025334)
(0.339578 0.189967 0.025334)
(0.334571 0.189971 0.025334)
(0.329564 0.189974 0.025334)
(0.324557 0.189978 0.025334)
(0.319549 0.189981 0.025334)
(0.314542 0.189983 0.025334)
(0.309535 0.189986 0.025334)
(0.304528 0.189988 0.025334)
(0.599997 0.199652 0.025334)
(0.599991 0.194653 0.025334)
(0.60001 0.209652 0.025334)
(0.600004 0.204652 0.025334)
(0.304537 0.209989 0.025334)
(0.309545 0.209987 0.025334)
(0.314553 0.209984 0.025334)
(0.319561 0.209981 0.025334)
(0.324569 0.209978 0.025334)
(0.329577 0.209975 0.025334)
(0.334586 0.209971 0.025334)
(0.339594 0.209967 0.025334)
(0.344602 0.209963 0.025334)
(0.34961 0.209959 0.025334)
(0.354619 0.209955 0.025334)
(0.359627 0.20995 0.025334)
(0.364635 0.209945 0.025334)
(0.369643 0.20994 0.025334)
(0.374652 0.209935 0.025334)
(0.37966 0.20993 0.025334)
(0.384668 0.209925 0.025334)
(0.389676 0.209919 0.025334)
(0.394684 0.209913 0.025334)
(0.399693 0.209908 0.025334)
(0.404701 0.209902 0.025334)
(0.409709 0.209896 0.025334)
(0.414717 0.20989 0.025334)
(0.419725 0.209884 0.025334)
(0.424733 0.209877 0.025334)
(0.429741 0.209871 0.025334)
(0.434749 0.209865 0.025334)
(0.439757 0.209859 0.025334)
(0.444765 0.209852 0.025334)
(0.449773 0.209846 0.025334)
(0.454781 0.209839 0.025334)
(0.459789 0.209833 0.025334)
(0.464797 0.209827 0.025334)
(0.469805 0.20982 0.025334)
(0.474813 0.209814 0.025334)
(0.479821 0.209807 0.025334)
(0.484829 0.209801 0.025334)
(0.489837 0.209794 0.025334)
(0.494845 0.209788 0.025334)
(0.499853 0.209781 0.025334)
(0.504861 0.209775 0.025334)
(0.509869 0.209768 0.025334)
(0.514876 0.209762 0.025334)
(0.519884 0.209755 0.025334)
(0.524892 0.209749 0.025334)
(0.5299 0.209742 0.025334)
(0.534908 0.209736 0.025334)
(0.539916 0.209729 0.025334)
(0.544924 0.209723 0.025334)
(0.549932 0.209716 0.025334)
(0.554939 0.20971 0.025334)
(0.559947 0.209704 0.025334)
(0.564955 0.209697 0.025334)
(0.569963 0.209691 0.025334)
(0.574971 0.209684 0.025334)
(0.579979 0.209678 0.025334)
(0.584987 0.209672 0.025334)
(0.589994 0.209665 0.025334)
(0.595002 0.209659 0.025334)
(0.24899 0.21 0.025334)
(0.24999 0.21 0.025334)
(0.251062 0.21 0.025334)
(0.252212 0.21 0.025334)
(0.253446 0.21 0.025334)
(0.254769 0.21 0.025334)
(0.256188 0.21 0.025334)
(0.25771 0.21 0.025334)
(0.259343 0.21 0.025334)
(0.261093 0.21 0.025334)
(0.262971 0.21 0.025334)
(0.264984 0.21 0.025334)
(0.267144 0.21 0.025334)
(0.26946 0.209999 0.025334)
(0.271945 0.209999 0.025334)
(0.274609 0.209998 0.025334)
(0.277467 0.209998 0.025334)
(0.280531 0.209997 0.025334)
(0.283818 0.209996 0.025334)
(0.287344 0.209995 0.025334)
(0.291124 0.209994 0.025334)
(0.29518 0.209993 0.025334)
(0.248989 0.19 0.025334)
(0.295172 0.189992 0.025334)
(0.291118 0.189993 0.025334)
(0.287338 0.189994 0.025334)
(0.283813 0.189995 0.025334)
(0.280527 0.189996 0.025334)
(0.277463 0.189997 0.025334)
(0.274605 0.189997 0.025334)
(0.271942 0.189998 0.025334)
(0.269458 0.189998 0.025334)
(0.267142 0.189998 0.025334)
(0.264982 0.189999 0.025334)
(0.262969 0.189999 0.025334)
(0.261092 0.189999 0.025334)
(0.259341 0.189999 0.025334)
(0.257709 0.189999 0.025334)
(0.256188 0.189999 0.025334)
(0.254769 0.189999 0.025334)
(0.253446 0.189999 0.025334)
(0.252212 0.189999 0.025334)
(0.251062 0.19 0.025334)
(0.249989 0.19 0.025334)
(0.24899 0.195 0.025334)
(0.24899 0.2 0.025334)
(0.24899 0.205 0.025334)
(0.24999 0.195 0.025334)
(0.251062 0.195 0.025334)
(0.252212 0.195 0.025334)
(0.253446 0.195 0.025334)
(0.254769 0.195 0.025334)
(0.256188 0.195 0.025334)
(0.25771 0.195 0.025334)
(0.259342 0.195 0.025334)
(0.261092 0.194999 0.025334)
(0.262969 0.194999 0.025334)
(0.264983 0.194999 0.025334)
(0.267142 0.194999 0.025334)
(0.269458 0.194999 0.025334)
(0.271942 0.194998 0.025334)
(0.274606 0.194998 0.025334)
(0.277464 0.194997 0.025334)
(0.280528 0.194997 0.025334)
(0.283814 0.194996 0.025334)
(0.287339 0.194995 0.025334)
(0.29112 0.194994 0.025334)
(0.295174 0.194992 0.025334)
(0.299523 0.194991 0.025334)
(0.30453 0.194989 0.025334)
(0.309537 0.194986 0.025334)
(0.314545 0.194984 0.025334)
(0.319552 0.194981 0.025334)
(0.32456 0.194978 0.025334)
(0.329567 0.194975 0.025334)
(0.334575 0.194971 0.025334)
(0.339582 0.194967 0.025334)
(0.34459 0.194964 0.025334)
(0.349598 0.194959 0.025334)
(0.354605 0.194955 0.025334)
(0.359613 0.19495 0.025334)
(0.364621 0.194946 0.025334)
(0.369628 0.194941 0.025334)
(0.374636 0.194936 0.025334)
(0.379644 0.19493 0.025334)
(0.384652 0.194925 0.025334)
(0.38966 0.19492 0.025334)
(0.394667 0.194914 0.025334)
(0.399675 0.194908 0.025334)
(0.404683 0.194902 0.025334)
(0.409691 0.194896 0.025334)
(0.414699 0.19489 0.025334)
(0.419707 0.194884 0.025334)
(0.424715 0.194878 0.025334)
(0.429723 0.194872 0.025334)
(0.434731 0.194865 0.025334)
(0.439738 0.194859 0.025334)
(0.444746 0.194853 0.025334)
(0.449754 0.194846 0.025334)
(0.454762 0.19484 0.025334)
(0.45977 0.194833 0.025334)
(0.464778 0.194827 0.025334)
(0.469786 0.19482 0.025334)
(0.474794 0.194814 0.025334)
(0.479802 0.194807 0.025334)
(0.48481 0.194801 0.025334)
(0.489817 0.194794 0.025334)
(0.494825 0.194788 0.025334)
(0.499833 0.194781 0.025334)
(0.504841 0.194775 0.025334)
(0.509849 0.194768 0.025334)
(0.514857 0.194762 0.025334)
(0.519865 0.194755 0.025334)
(0.524873 0.194749 0.025334)
(0.529881 0.194742 0.025334)
(0.534889 0.194736 0.025334)
(0.539896 0.19473 0.025334)
(0.544904 0.194723 0.025334)
(0.549912 0.194717 0.025334)
(0.55492 0.19471 0.025334)
(0.559928 0.194704 0.025334)
(0.564936 0.194697 0.025334)
(0.569944 0.194691 0.025334)
(0.574952 0.194685 0.025334)
(0.579959 0.194678 0.025334)
(0.584967 0.194672 0.025334)
(0.589975 0.194665 0.025334)
(0.594983 0.194659 0.025334)
(0.24999 0.2 0.025334)
(0.251062 0.2 0.025334)
(0.252212 0.2 0.025334)
(0.253446 0.2 0.025334)
(0.254769 0.2 0.025334)
(0.256188 0.2 0.025334)
(0.25771 0.2 0.025334)
(0.259342 0.2 0.025334)
(0.261092 0.2 0.025334)
(0.26297 0.2 0.025334)
(0.264983 0.199999 0.025334)
(0.267143 0.199999 0.025334)
(0.269459 0.199999 0.025334)
(0.271943 0.199999 0.025334)
(0.274607 0.199998 0.025334)
(0.277465 0.199998 0.025334)
(0.280529 0.199997 0.025334)
(0.283816 0.199996 0.025334)
(0.287341 0.199995 0.025334)
(0.291121 0.199994 0.025334)
(0.295176 0.199993 0.025334)
(0.299525 0.199991 0.025334)
(0.304532 0.199989 0.025334)
(0.30954 0.199987 0.025334)
(0.314548 0.199984 0.025334)
(0.319555 0.199981 0.025334)
(0.324563 0.199978 0.025334)
(0.329571 0.199975 0.025334)
(0.334578 0.199971 0.025334)
(0.339586 0.199968 0.025334)
(0.344594 0.199964 0.025334)
(0.349602 0.199959 0.025334)
(0.35461 0.199955 0.025334)
(0.359618 0.19995 0.025334)
(0.364625 0.199946 0.025334)
(0.369633 0.199941 0.025334)
(0.374641 0.199936 0.025334)
(0.379649 0.19993 0.025334)
(0.384657 0.199925 0.025334)
(0.389665 0.199919 0.025334)
(0.394673 0.199914 0.025334)
(0.399681 0.199908 0.025334)
(0.404689 0.199902 0.025334)
(0.409697 0.199896 0.025334)
(0.414705 0.19989 0.025334)
(0.419713 0.199884 0.025334)
(0.424721 0.199878 0.025334)
(0.429729 0.199872 0.025334)
(0.434737 0.199865 0.025334)
(0.439745 0.199859 0.025334)
(0.444753 0.199853 0.025334)
(0.449761 0.199846 0.025334)
(0.454769 0.19984 0.025334)
(0.459776 0.199833 0.025334)
(0.464784 0.199827 0.025334)
(0.469792 0.19982 0.025334)
(0.4748 0.199814 0.025334)
(0.479808 0.199807 0.025334)
(0.484816 0.199801 0.025334)
(0.489824 0.199794 0.025334)
(0.494832 0.199788 0.025334)
(0.49984 0.199781 0.025334)
(0.504848 0.199775 0.025334)
(0.509856 0.199768 0.025334)
(0.514863 0.199762 0.025334)
(0.519871 0.199755 0.025334)
(0.524879 0.199749 0.025334)
(0.529887 0.199742 0.025334)
(0.534895 0.199736 0.025334)
(0.539903 0.199729 0.025334)
(0.544911 0.199723 0.025334)
(0.549919 0.199717 0.025334)
(0.554926 0.19971 0.025334)
(0.559934 0.199704 0.025334)
(0.564942 0.199697 0.025334)
(0.56995 0.199691 0.025334)
(0.574958 0.199685 0.025334)
(0.579966 0.199678 0.025334)
(0.584974 0.199672 0.025334)
(0.589982 0.199665 0.025334)
(0.594989 0.199659 0.025334)
(0.24999 0.205 0.025334)
(0.251062 0.205 0.025334)
(0.252212 0.205 0.025334)
(0.253446 0.205 0.025334)
(0.254769 0.205 0.025334)
(0.256188 0.205 0.025334)
(0.25771 0.205 0.025334)
(0.259342 0.205 0.025334)
(0.261093 0.205 0.025334)
(0.26297 0.205 0.025334)
(0.264984 0.205 0.025334)
(0.267144 0.204999 0.025334)
(0.26946 0.204999 0.025334)
(0.271944 0.204999 0.025334)
(0.274608 0.204998 0.025334)
(0.277466 0.204998 0.025334)
(0.28053 0.204997 0.025334)
(0.283817 0.204996 0.025334)
(0.287342 0.204995 0.025334)
(0.291123 0.204994 0.025334)
(0.295178 0.204993 0.025334)
(0.299527 0.204991 0.025334)
(0.304534 0.204989 0.025334)
(0.309542 0.204987 0.025334)
(0.31455 0.204984 0.025334)
(0.319558 0.204981 0.025334)
(0.324566 0.204978 0.025334)
(0.329574 0.204975 0.025334)
(0.334582 0.204971 0.025334)
(0.33959 0.204968 0.025334)
(0.344598 0.204964 0.025334)
(0.349606 0.204959 0.025334)
(0.354614 0.204955 0.025334)
(0.359622 0.20495 0.025334)
(0.36463 0.204946 0.025334)
(0.369638 0.204941 0.025334)
(0.374646 0.204935 0.025334)
(0.379654 0.20493 0.025334)
(0.384663 0.204925 0.025334)
(0.389671 0.204919 0.025334)
(0.394679 0.204914 0.025334)
(0.399687 0.204908 0.025334)
(0.404695 0.204902 0.025334)
(0.409703 0.204896 0.025334)
(0.414711 0.20489 0.025334)
(0.419719 0.204884 0.025334)
(0.424727 0.204878 0.025334)
(0.429735 0.204871 0.025334)
(0.434743 0.204865 0.025334)
(0.439751 0.204859 0.025334)
(0.444759 0.204852 0.025334)
(0.449767 0.204846 0.025334)
(0.454775 0.20484 0.025334)
(0.459783 0.204833 0.025334)
(0.464791 0.204827 0.025334)
(0.469799 0.20482 0.025334)
(0.474807 0.204814 0.025334)
(0.479815 0.204807 0.025334)
(0.484823 0.204801 0.025334)
(0.48983 0.204794 0.025334)
(0.494838 0.204788 0.025334)
(0.499846 0.204781 0.025334)
(0.504854 0.204775 0.025334)
(0.509862 0.204768 0.025334)
(0.51487 0.204762 0.025334)
(0.519878 0.204755 0.025334)
(0.524886 0.204749 0.025334)
(0.529894 0.204742 0.025334)
(0.534901 0.204736 0.025334)
(0.539909 0.204729 0.025334)
(0.544917 0.204723 0.025334)
(0.549925 0.204717 0.025334)
(0.554933 0.20471 0.025334)
(0.559941 0.204704 0.025334)
(0.564949 0.204697 0.025334)
(0.569957 0.204691 0.025334)
(0.574964 0.204684 0.025334)
(0.579972 0.204678 0.025334)
(0.58498 0.204672 0.025334)
(0.589988 0.204665 0.025334)
(0.594996 0.204659 0.025334)
(0.299529 0.209991 -0.025334)
(0.299521 0.18999 -0.025334)
(0.599985 0.189653 -0.025334)
(0.594977 0.189659 -0.025334)
(0.589969 0.189665 -0.025334)
(0.584961 0.189672 -0.025334)
(0.579953 0.189678 -0.025334)
(0.574945 0.189685 -0.025334)
(0.569937 0.189691 -0.025334)
(0.564929 0.189697 -0.025334)
(0.559922 0.189704 -0.025334)
(0.554914 0.18971 -0.025334)
(0.549906 0.189717 -0.025334)
(0.544898 0.189723 -0.025334)
(0.53989 0.18973 -0.025334)
(0.534882 0.189736 -0.025334)
(0.529874 0.189743 -0.025334)
(0.524866 0.189749 -0.025334)
(0.519858 0.189755 -0.025334)
(0.514851 0.189762 -0.025334)
(0.509843 0.189768 -0.025334)
(0.504835 0.189775 -0.025334)
(0.499827 0.189781 -0.025334)
(0.494819 0.189788 -0.025334)
(0.489811 0.189794 -0.025334)
(0.484803 0.189801 -0.025334)
(0.479795 0.189807 -0.025334)
(0.474787 0.189814 -0.025334)
(0.469779 0.18982 -0.025334)
(0.464772 0.189827 -0.025334)
(0.459764 0.189833 -0.025334)
(0.454756 0.18984 -0.025334)
(0.449748 0.189846 -0.025334)
(0.44474 0.189853 -0.025334)
(0.439732 0.189859 -0.025334)
(0.434724 0.189866 -0.025334)
(0.429716 0.189872 -0.025334)
(0.424709 0.189878 -0.025334)
(0.419701 0.189884 -0.025334)
(0.414693 0.18989 -0.025334)
(0.409685 0.189896 -0.025334)
(0.404677 0.189902 -0.025334)
(0.39967 0.189908 -0.025334)
(0.394662 0.189914 -0.025334)
(0.389654 0.18992 -0.025334)
(0.384646 0.189925 -0.025334)
(0.379639 0.18993 -0.025334)
(0.374631 0.189936 -0.025334)
(0.369623 0.189941 -0.025334)
(0.364616 0.189946 -0.025334)
(0.359608 0.18995 -0.025334)
(0.354601 0.189955 -0.025334)
(0.349593 0.189959 -0.025334)
(0.344586 0.189963 -0.025334)
(0.339578 0.189967 -0.025334)
(0.334571 0.189971 -0.025334)
(0.329564 0.189974 -0.025334)
(0.324557 0.189978 -0.025334)
(0.319549 0.189981 -0.025334)
(0.314542 0.189983 -0.025334)
(0.309535 0.189986 -0.025334)
(0.304528 0.189988 -0.025334)
(0.599997 0.199652 -0.025334)
(0.599991 0.194653 -0.025334)
(0.60001 0.209652 -0.025334)
(0.600004 0.204652 -0.025334)
(0.304537 0.209989 -0.025334)
(0.309545 0.209987 -0.025334)
(0.314553 0.209984 -0.025334)
(0.319561 0.209981 -0.025334)
(0.324569 0.209978 -0.025334)
(0.329577 0.209975 -0.025334)
(0.334586 0.209971 -0.025334)
(0.339594 0.209967 -0.025334)
(0.344602 0.209963 -0.025334)
(0.34961 0.209959 -0.025334)
(0.354619 0.209955 -0.025334)
(0.359627 0.20995 -0.025334)
(0.364635 0.209945 -0.025334)
(0.369643 0.20994 -0.025334)
(0.374652 0.209935 -0.025334)
(0.37966 0.20993 -0.025334)
(0.384668 0.209925 -0.025334)
(0.389676 0.209919 -0.025334)
(0.394684 0.209913 -0.025334)
(0.399693 0.209908 -0.025334)
(0.404701 0.209902 -0.025334)
(0.409709 0.209896 -0.025334)
(0.414717 0.20989 -0.025334)
(0.419725 0.209884 -0.025334)
(0.424733 0.209877 -0.025334)
(0.429741 0.209871 -0.025334)
(0.434749 0.209865 -0.025334)
(0.439757 0.209859 -0.025334)
(0.444765 0.209852 -0.025334)
(0.449773 0.209846 -0.025334)
(0.454781 0.209839 -0.025334)
(0.459789 0.209833 -0.025334)
(0.464797 0.209827 -0.025334)
(0.469805 0.20982 -0.025334)
(0.474813 0.209814 -0.025334)
(0.479821 0.209807 -0.025334)
(0.484829 0.209801 -0.025334)
(0.489837 0.209794 -0.025334)
(0.494845 0.209788 -0.025334)
(0.499853 0.209781 -0.025334)
(0.504861 0.209775 -0.025334)
(0.509869 0.209768 -0.025334)
(0.514876 0.209762 -0.025334)
(0.519884 0.209755 -0.025334)
(0.524892 0.209749 -0.025334)
(0.5299 0.209742 -0.025334)
(0.534908 0.209736 -0.025334)
(0.539916 0.209729 -0.025334)
(0.544924 0.209723 -0.025334)
(0.549932 0.209716 -0.025334)
(0.554939 0.20971 -0.025334)
(0.559947 0.209704 -0.025334)
(0.564955 0.209697 -0.025334)
(0.569963 0.209691 -0.025334)
(0.574971 0.209684 -0.025334)
(0.579979 0.209678 -0.025334)
(0.584987 0.209672 -0.025334)
(0.589994 0.209665 -0.025334)
(0.595002 0.209659 -0.025334)
(0.24899 0.21 -0.025334)
(0.24999 0.21 -0.025334)
(0.251062 0.21 -0.025334)
(0.252212 0.21 -0.025334)
(0.253446 0.21 -0.025334)
(0.254769 0.21 -0.025334)
(0.256188 0.21 -0.025334)
(0.25771 0.21 -0.025334)
(0.259343 0.21 -0.025334)
(0.261093 0.21 -0.025334)
(0.262971 0.21 -0.025334)
(0.264984 0.21 -0.025334)
(0.267144 0.21 -0.025334)
(0.26946 0.209999 -0.025334)
(0.271945 0.209999 -0.025334)
(0.274609 0.209998 -0.025334)
(0.277467 0.209998 -0.025334)
(0.280531 0.209997 -0.025334)
(0.283818 0.209996 -0.025334)
(0.287344 0.209995 -0.025334)
(0.291124 0.209994 -0.025334)
(0.29518 0.209993 -0.025334)
(0.248989 0.19 -0.025334)
(0.295172 0.189992 -0.025334)
(0.291118 0.189993 -0.025334)
(0.287338 0.189994 -0.025334)
(0.283813 0.189995 -0.025334)
(0.280527 0.189996 -0.025334)
(0.277463 0.189997 -0.025334)
(0.274605 0.189997 -0.025334)
(0.271942 0.189998 -0.025334)
(0.269458 0.189998 -0.025334)
(0.267142 0.189998 -0.025334)
(0.264982 0.189999 -0.025334)
(0.262969 0.189999 -0.025334)
(0.261092 0.189999 -0.025334)
(0.259341 0.189999 -0.025334)
(0.257709 0.189999 -0.025334)
(0.256188 0.189999 -0.025334)
(0.254769 0.189999 -0.025334)
(0.253446 0.189999 -0.025334)
(0.252212 0.189999 -0.025334)
(0.251062 0.19 -0.025334)
(0.249989 0.19 -0.025334)
(0.24899 0.195 -0.025334)
(0.24899 0.2 -0.025334)
(0.24899 0.205 -0.025334)
(0.24999 0.195 -0.025334)
(0.251062 0.195 -0.025334)
(0.252212 0.195 -0.025334)
(0.253446 0.195 -0.025334)
(0.254769 0.195 -0.025334)
(0.256188 0.195 -0.025334)
(0.25771 0.195 -0.025334)
(0.259342 0.195 -0.025334)
(0.261092 0.194999 -0.025334)
(0.262969 0.194999 -0.025334)
(0.264983 0.194999 -0.025334)
(0.267142 0.194999 -0.025334)
(0.269458 0.194999 -0.025334)
(0.271942 0.194998 -0.025334)
(0.274606 0.194998 -0.025334)
(0.277464 0.194997 -0.025334)
(0.280528 0.194997 -0.025334)
(0.283814 0.194996 -0.025334)
(0.287339 0.194995 -0.025334)
(0.29112 0.194994 -0.025334)
(0.295174 0.194992 -0.025334)
(0.299523 0.194991 -0.025334)
(0.30453 0.194989 -0.025334)
(0.309537 0.194986 -0.025334)
(0.314545 0.194984 -0.025334)
(0.319552 0.194981 -0.025334)
(0.32456 0.194978 -0.025334)
(0.329567 0.194975 -0.025334)
(0.334575 0.194971 -0.025334)
(0.339582 0.194967 -0.025334)
(0.34459 0.194964 -0.025334)
(0.349598 0.194959 -0.025334)
(0.354605 0.194955 -0.025334)
(0.359613 0.19495 -0.025334)
(0.364621 0.194946 -0.025334)
(0.369628 0.194941 -0.025334)
(0.374636 0.194936 -0.025334)
(0.379644 0.19493 -0.025334)
(0.384652 0.194925 -0.025334)
(0.38966 0.19492 -0.025334)
(0.394667 0.194914 -0.025334)
(0.399675 0.194908 -0.025334)
(0.404683 0.194902 -0.025334)
(0.409691 0.194896 -0.025334)
(0.414699 0.19489 -0.025334)
(0.419707 0.194884 -0.025334)
(0.424715 0.194878 -0.025334)
(0.429723 0.194872 -0.025334)
(0.434731 0.194865 -0.025334)
(0.439738 0.194859 -0.025334)
(0.444746 0.194853 -0.025334)
(0.449754 0.194846 -0.025334)
(0.454762 0.19484 -0.025334)
(0.45977 0.194833 -0.025334)
(0.464778 0.194827 -0.025334)
(0.469786 0.19482 -0.025334)
(0.474794 0.194814 -0.025334)
(0.479802 0.194807 -0.025334)
(0.48481 0.194801 -0.025334)
(0.489817 0.194794 -0.025334)
(0.494825 0.194788 -0.025334)
(0.499833 0.194781 -0.025334)
(0.504841 0.194775 -0.025334)
(0.509849 0.194768 -0.025334)
(0.514857 0.194762 -0.025334)
(0.519865 0.194755 -0.025334)
(0.524873 0.194749 -0.025334)
(0.529881 0.194742 -0.025334)
(0.534889 0.194736 -0.025334)
(0.539896 0.19473 -0.025334)
(0.544904 0.194723 -0.025334)
(0.549912 0.194717 -0.025334)
(0.55492 0.19471 -0.025334)
(0.559928 0.194704 -0.025334)
(0.564936 0.194697 -0.025334)
(0.569944 0.194691 -0.025334)
(0.574952 0.194685 -0.025334)
(0.579959 0.194678 -0.025334)
(0.584967 0.194672 -0.025334)
(0.589975 0.194665 -0.025334)
(0.594983 0.194659 -0.025334)
(0.24999 0.2 -0.025334)
(0.251062 0.2 -0.025334)
(0.252212 0.2 -0.025334)
(0.253446 0.2 -0.025334)
(0.254769 0.2 -0.025334)
(0.256188 0.2 -0.025334)
(0.25771 0.2 -0.025334)
(0.259342 0.2 -0.025334)
(0.261092 0.2 -0.025334)
(0.26297 0.2 -0.025334)
(0.264983 0.199999 -0.025334)
(0.267143 0.199999 -0.025334)
(0.269459 0.199999 -0.025334)
(0.271943 0.199999 -0.025334)
(0.274607 0.199998 -0.025334)
(0.277465 0.199998 -0.025334)
(0.280529 0.199997 -0.025334)
(0.283816 0.199996 -0.025334)
(0.287341 0.199995 -0.025334)
(0.291121 0.199994 -0.025334)
(0.295176 0.199993 -0.025334)
(0.299525 0.199991 -0.025334)
(0.304532 0.199989 -0.025334)
(0.30954 0.199987 -0.025334)
(0.314548 0.199984 -0.025334)
(0.319555 0.199981 -0.025334)
(0.324563 0.199978 -0.025334)
(0.329571 0.199975 -0.025334)
(0.334578 0.199971 -0.025334)
(0.339586 0.199968 -0.025334)
(0.344594 0.199964 -0.025334)
(0.349602 0.199959 -0.025334)
(0.35461 0.199955 -0.025334)
(0.359618 0.19995 -0.025334)
(0.364625 0.199946 -0.025334)
(0.369633 0.199941 -0.025334)
(0.374641 0.199936 -0.025334)
(0.379649 0.19993 -0.025334)
(0.384657 0.199925 -0.025334)
(0.389665 0.199919 -0.025334)
(0.394673 0.199914 -0.025334)
(0.399681 0.199908 -0.025334)
(0.404689 0.199902 -0.025334)
(0.409697 0.199896 -0.025334)
(0.414705 0.19989 -0.025334)
(0.419713 0.199884 -0.025334)
(0.424721 0.199878 -0.025334)
(0.429729 0.199872 -0.025334)
(0.434737 0.199865 -0.025334)
(0.439745 0.199859 -0.025334)
(0.444753 0.199853 -0.025334)
(0.449761 0.199846 -0.025334)
(0.454769 0.19984 -0.025334)
(0.459776 0.199833 -0.025334)
(0.464784 0.199827 -0.025334)
(0.469792 0.19982 -0.025334)
(0.4748 0.199814 -0.025334)
(0.479808 0.199807 -0.025334)
(0.484816 0.199801 -0.025334)
(0.489824 0.199794 -0.025334)
(0.494832 0.199788 -0.025334)
(0.49984 0.199781 -0.025334)
(0.504848 0.199775 -0.025334)
(0.509856 0.199768 -0.025334)
(0.514863 0.199762 -0.025334)
(0.519871 0.199755 -0.025334)
(0.524879 0.199749 -0.025334)
(0.529887 0.199742 -0.025334)
(0.534895 0.199736 -0.025334)
(0.539903 0.199729 -0.025334)
(0.544911 0.199723 -0.025334)
(0.549919 0.199717 -0.025334)
(0.554926 0.19971 -0.025334)
(0.559934 0.199704 -0.025334)
(0.564942 0.199697 -0.025334)
(0.56995 0.199691 -0.025334)
(0.574958 0.199685 -0.025334)
(0.579966 0.199678 -0.025334)
(0.584974 0.199672 -0.025334)
(0.589982 0.199665 -0.025334)
(0.594989 0.199659 -0.025334)
(0.24999 0.205 -0.025334)
(0.251062 0.205 -0.025334)
(0.252212 0.205 -0.025334)
(0.253446 0.205 -0.025334)
(0.254769 0.205 -0.025334)
(0.256188 0.205 -0.025334)
(0.25771 0.205 -0.025334)
(0.259342 0.205 -0.025334)
(0.261093 0.205 -0.025334)
(0.26297 0.205 -0.025334)
(0.264984 0.205 -0.025334)
(0.267144 0.204999 -0.025334)
(0.26946 0.204999 -0.025334)
(0.271944 0.204999 -0.025334)
(0.274608 0.204998 -0.025334)
(0.277466 0.204998 -0.025334)
(0.28053 0.204997 -0.025334)
(0.283817 0.204996 -0.025334)
(0.287342 0.204995 -0.025334)
(0.291123 0.204994 -0.025334)
(0.295178 0.204993 -0.025334)
(0.299527 0.204991 -0.025334)
(0.304534 0.204989 -0.025334)
(0.309542 0.204987 -0.025334)
(0.31455 0.204984 -0.025334)
(0.319558 0.204981 -0.025334)
(0.324566 0.204978 -0.025334)
(0.329574 0.204975 -0.025334)
(0.334582 0.204971 -0.025334)
(0.33959 0.204968 -0.025334)
(0.344598 0.204964 -0.025334)
(0.349606 0.204959 -0.025334)
(0.354614 0.204955 -0.025334)
(0.359622 0.20495 -0.025334)
(0.36463 0.204946 -0.025334)
(0.369638 0.204941 -0.025334)
(0.374646 0.204935 -0.025334)
(0.379654 0.20493 -0.025334)
(0.384663 0.204925 -0.025334)
(0.389671 0.204919 -0.025334)
(0.394679 0.204914 -0.025334)
(0.399687 0.204908 -0.025334)
(0.404695 0.204902 -0.025334)
(0.409703 0.204896 -0.025334)
(0.414711 0.20489 -0.025334)
(0.419719 0.204884 -0.025334)
(0.424727 0.204878 -0.025334)
(0.429735 0.204871 -0.025334)
(0.434743 0.204865 -0.025334)
(0.439751 0.204859 -0.025334)
(0.444759 0.204852 -0.025334)
(0.449767 0.204846 -0.025334)
(0.454775 0.20484 -0.025334)
(0.459783 0.204833 -0.025334)
(0.464791 0.204827 -0.025334)
(0.469799 0.20482 -0.025334)
(0.474807 0.204814 -0.025334)
(0.479815 0.204807 -0.025334)
(0.484823 0.204801 -0.025334)
(0.48983 0.204794 -0.025334)
(0.494838 0.204788 -0.025334)
(0.499846 0.204781 -0.025334)
(0.504854 0.204775 -0.025334)
(0.509862 0.204768 -0.025334)
(0.51487 0.204762 -0.025334)
(0.519878 0.204755 -0.025334)
(0.524886 0.204749 -0.025334)
(0.529894 0.204742 -0.025334)
(0.534901 0.204736 -0.025334)
(0.539909 0.204729 -0.025334)
(0.544917 0.204723 -0.025334)
(0.549925 0.204717 -0.025334)
(0.554933 0.20471 -0.025334)
(0.559941 0.204704 -0.025334)
(0.564949 0.204697 -0.025334)
(0.569957 0.204691 -0.025334)
(0.574964 0.204684 -0.025334)
(0.579972 0.204678 -0.025334)
(0.58498 0.204672 -0.025334)
(0.589988 0.204665 -0.025334)
(0.594996 0.204659 -0.025334)
)


// ************************************************************************* //
