/*--------------------------------*- C++ -*----------------------------------*\
| =========                 |                                                 |
| \\      /  F ield         | OpenFOAM Extend Project: Open source CFD        |
|  \\    /   O peration     | Version:  1.6-ext                               |
|   \\  /    A nd           | Web:      www.extend-project.de                 |
|    \\/     M anipulation  |                                                 |
\*---------------------------------------------------------------------------*/
FoamFile
{
    version     2.0;
    format      ascii;
    class       vectorField;
    location    "0.7/polyMesh";
    object      points;
}
// * * * * * * * * * * * * * * * * * * * * * * * * * * * * * * * * * * * * * //


830
(
(0.299514 0.210035 0.025334)
(0.299539 0.190035 0.025334)
(0.600025 0.190712 0.025334)
(0.595017 0.1907 0.025334)
(0.590009 0.190688 0.025334)
(0.585001 0.190676 0.025334)
(0.579993 0.190663 0.025334)
(0.574985 0.190651 0.025334)
(0.569978 0.190639 0.025334)
(0.56497 0.190626 0.025334)
(0.559962 0.190614 0.025334)
(0.554954 0.190602 0.025334)
(0.549946 0.19059 0.025334)
(0.544938 0.190577 0.025334)
(0.53993 0.190565 0.025334)
(0.534922 0.190553 0.025334)
(0.529914 0.190541 0.025334)
(0.524906 0.190528 0.025334)
(0.519898 0.190516 0.025334)
(0.51489 0.190504 0.025334)
(0.509882 0.190492 0.025334)
(0.504874 0.190479 0.025334)
(0.499866 0.190467 0.025334)
(0.494858 0.190455 0.025334)
(0.48985 0.190443 0.025334)
(0.484842 0.190431 0.025334)
(0.479834 0.190418 0.025334)
(0.474827 0.190406 0.025334)
(0.469819 0.190394 0.025334)
(0.464811 0.190382 0.025334)
(0.459803 0.19037 0.025334)
(0.454795 0.190357 0.025334)
(0.449787 0.190345 0.025334)
(0.444779 0.190333 0.025334)
(0.439771 0.190321 0.025334)
(0.434763 0.190309 0.025334)
(0.429755 0.190297 0.025334)
(0.424747 0.190285 0.025334)
(0.419739 0.190273 0.025334)
(0.414731 0.190261 0.025334)
(0.409723 0.190249 0.025334)
(0.404715 0.190238 0.025334)
(0.399706 0.190226 0.025334)
(0.394698 0.190214 0.025334)
(0.38969 0.190203 0.025334)
(0.384682 0.190192 0.025334)
(0.379674 0.19018 0.025334)
(0.374666 0.190169 0.025334)
(0.369658 0.190159 0.025334)
(0.364649 0.190148 0.025334)
(0.359641 0.190137 0.025334)
(0.354633 0.190127 0.025334)
(0.349624 0.190117 0.025334)
(0.344616 0.190107 0.025334)
(0.339608 0.190098 0.025334)
(0.334599 0.190089 0.025334)
(0.329591 0.19008 0.025334)
(0.324582 0.190071 0.025334)
(0.319574 0.190063 0.025334)
(0.314565 0.190055 0.025334)
(0.309556 0.190048 0.025334)
(0.304548 0.190041 0.025334)
(0.6 0.200712 0.025334)
(0.600013 0.195712 0.025334)
(0.599976 0.210712 0.025334)
(0.599988 0.205712 0.025334)
(0.304521 0.210042 0.025334)
(0.309528 0.210049 0.025334)
(0.314535 0.210056 0.025334)
(0.319542 0.210064 0.025334)
(0.324549 0.210072 0.025334)
(0.329556 0.21008 0.025334)
(0.334564 0.210089 0.025334)
(0.339571 0.210098 0.025334)
(0.344578 0.210108 0.025334)
(0.349585 0.210117 0.025334)
(0.354593 0.210127 0.025334)
(0.3596 0.210138 0.025334)
(0.364607 0.210148 0.025334)
(0.369615 0.210159 0.025334)
(0.374622 0.21017 0.025334)
(0.37963 0.210181 0.025334)
(0.384637 0.210192 0.025334)
(0.389645 0.210203 0.025334)
(0.394653 0.210214 0.025334)
(0.39966 0.210226 0.025334)
(0.404668 0.210238 0.025334)
(0.409676 0.210249 0.025334)
(0.414683 0.210261 0.025334)
(0.419691 0.210273 0.025334)
(0.424699 0.210285 0.025334)
(0.429707 0.210297 0.025334)
(0.434715 0.210309 0.025334)
(0.439723 0.210321 0.025334)
(0.44473 0.210333 0.025334)
(0.449738 0.210345 0.025334)
(0.454746 0.210357 0.025334)
(0.459754 0.210369 0.025334)
(0.464762 0.210382 0.025334)
(0.46977 0.210394 0.025334)
(0.474778 0.210406 0.025334)
(0.479786 0.210418 0.025334)
(0.484794 0.21043 0.025334)
(0.489802 0.210443 0.025334)
(0.49481 0.210455 0.025334)
(0.499818 0.210467 0.025334)
(0.504825 0.210479 0.025334)
(0.509833 0.210491 0.025334)
(0.514841 0.210504 0.025334)
(0.519849 0.210516 0.025334)
(0.524857 0.210528 0.025334)
(0.529865 0.21054 0.025334)
(0.534873 0.210553 0.025334)
(0.539881 0.210565 0.025334)
(0.544889 0.210577 0.025334)
(0.549897 0.210589 0.025334)
(0.554905 0.210602 0.025334)
(0.559913 0.210614 0.025334)
(0.564921 0.210626 0.025334)
(0.569929 0.210638 0.025334)
(0.574936 0.210651 0.025334)
(0.579944 0.210663 0.025334)
(0.584952 0.210675 0.025334)
(0.58996 0.210688 0.025334)
(0.594968 0.2107 0.025334)
(0.248989 0.21 0.025334)
(0.249989 0.210001 0.025334)
(0.251061 0.210001 0.025334)
(0.252211 0.210001 0.025334)
(0.253445 0.210001 0.025334)
(0.254768 0.210002 0.025334)
(0.256186 0.210002 0.025334)
(0.257708 0.210002 0.025334)
(0.259339 0.210003 0.025334)
(0.26109 0.210003 0.025334)
(0.262967 0.210004 0.025334)
(0.26498 0.210005 0.025334)
(0.267139 0.210006 0.025334)
(0.269454 0.210007 0.025334)
(0.271938 0.210009 0.025334)
(0.274601 0.210011 0.025334)
(0.277458 0.210013 0.025334)
(0.280522 0.210015 0.025334)
(0.283808 0.210018 0.025334)
(0.287333 0.210022 0.025334)
(0.291112 0.210025 0.025334)
(0.295166 0.21003 0.025334)
(0.24899 0.19 0.025334)
(0.295189 0.190029 0.025334)
(0.291134 0.190025 0.025334)
(0.287352 0.190021 0.025334)
(0.283826 0.190018 0.025334)
(0.280539 0.190015 0.025334)
(0.277473 0.190012 0.025334)
(0.274615 0.19001 0.025334)
(0.27195 0.190008 0.025334)
(0.269466 0.190007 0.025334)
(0.267149 0.190006 0.025334)
(0.264989 0.190004 0.025334)
(0.262974 0.190004 0.025334)
(0.261096 0.190003 0.025334)
(0.259345 0.190002 0.025334)
(0.257713 0.190002 0.025334)
(0.25619 0.190001 0.025334)
(0.254771 0.190001 0.025334)
(0.253447 0.190001 0.025334)
(0.252213 0.190001 0.025334)
(0.251063 0.190001 0.025334)
(0.24999 0.19 0.025334)
(0.24899 0.195 0.025334)
(0.24899 0.2 0.025334)
(0.24899 0.205 0.025334)
(0.24999 0.195 0.025334)
(0.251063 0.195 0.025334)
(0.252213 0.195 0.025334)
(0.253447 0.195 0.025334)
(0.25477 0.195001 0.025334)
(0.256189 0.195001 0.025334)
(0.257711 0.195001 0.025334)
(0.259344 0.195002 0.025334)
(0.261095 0.195002 0.025334)
(0.262972 0.195003 0.025334)
(0.264986 0.195004 0.025334)
(0.267146 0.195005 0.025334)
(0.269463 0.195006 0.025334)
(0.271947 0.195008 0.025334)
(0.274612 0.19501 0.025334)
(0.27747 0.195012 0.025334)
(0.280535 0.195014 0.025334)
(0.283822 0.195017 0.025334)
(0.287347 0.195021 0.025334)
(0.291128 0.195025 0.025334)
(0.295184 0.195029 0.025334)
(0.299533 0.195034 0.025334)
(0.304541 0.195041 0.025334)
(0.309549 0.195048 0.025334)
(0.314558 0.195055 0.025334)
(0.319566 0.195063 0.025334)
(0.324574 0.195071 0.025334)
(0.329582 0.19508 0.025334)
(0.33459 0.195089 0.025334)
(0.339598 0.195098 0.025334)
(0.344607 0.195107 0.025334)
(0.349615 0.195117 0.025334)
(0.354623 0.195127 0.025334)
(0.359631 0.195137 0.025334)
(0.364639 0.195148 0.025334)
(0.369647 0.195158 0.025334)
(0.374655 0.195169 0.025334)
(0.379663 0.19518 0.025334)
(0.384671 0.195191 0.025334)
(0.389679 0.195203 0.025334)
(0.394687 0.195214 0.025334)
(0.399695 0.195226 0.025334)
(0.404703 0.195237 0.025334)
(0.409711 0.195249 0.025334)
(0.414719 0.195261 0.025334)
(0.419727 0.195273 0.025334)
(0.424735 0.195285 0.025334)
(0.429743 0.195297 0.025334)
(0.434751 0.195309 0.025334)
(0.439759 0.195321 0.025334)
(0.444767 0.195333 0.025334)
(0.449775 0.195345 0.025334)
(0.454783 0.195357 0.025334)
(0.45979 0.19537 0.025334)
(0.464798 0.195382 0.025334)
(0.469806 0.195394 0.025334)
(0.474814 0.195406 0.025334)
(0.479822 0.195418 0.025334)
(0.48483 0.195431 0.025334)
(0.489838 0.195443 0.025334)
(0.494846 0.195455 0.025334)
(0.499854 0.195467 0.025334)
(0.504862 0.195479 0.025334)
(0.50987 0.195492 0.025334)
(0.514878 0.195504 0.025334)
(0.519886 0.195516 0.025334)
(0.524894 0.195528 0.025334)
(0.529902 0.195541 0.025334)
(0.53491 0.195553 0.025334)
(0.539918 0.195565 0.025334)
(0.544926 0.195577 0.025334)
(0.549934 0.19559 0.025334)
(0.554942 0.195602 0.025334)
(0.559949 0.195614 0.025334)
(0.564957 0.195626 0.025334)
(0.569965 0.195639 0.025334)
(0.574973 0.195651 0.025334)
(0.579981 0.195663 0.025334)
(0.584989 0.195675 0.025334)
(0.589997 0.195688 0.025334)
(0.595005 0.1957 0.025334)
(0.24999 0.2 0.025334)
(0.251062 0.2 0.025334)
(0.252213 0.2 0.025334)
(0.253446 0.2 0.025334)
(0.254769 0.2 0.025334)
(0.256188 0.200001 0.025334)
(0.25771 0.200001 0.025334)
(0.259342 0.200002 0.025334)
(0.261093 0.200002 0.025334)
(0.26297 0.200003 0.025334)
(0.264984 0.200004 0.025334)
(0.267144 0.200005 0.025334)
(0.26946 0.200006 0.025334)
(0.271944 0.200008 0.025334)
(0.274608 0.20001 0.025334)
(0.277466 0.200012 0.025334)
(0.28053 0.200014 0.025334)
(0.283817 0.200017 0.025334)
(0.287342 0.200021 0.025334)
(0.291123 0.200025 0.025334)
(0.295178 0.200029 0.025334)
(0.299527 0.200034 0.025334)
(0.304535 0.200041 0.025334)
(0.309542 0.200048 0.025334)
(0.31455 0.200055 0.025334)
(0.319558 0.200063 0.025334)
(0.324566 0.200071 0.025334)
(0.329574 0.20008 0.025334)
(0.334581 0.200089 0.025334)
(0.339589 0.200098 0.025334)
(0.344597 0.200107 0.025334)
(0.349605 0.200117 0.025334)
(0.354613 0.200127 0.025334)
(0.359621 0.200137 0.025334)
(0.364628 0.200148 0.025334)
(0.369636 0.200158 0.025334)
(0.374644 0.200169 0.025334)
(0.379652 0.20018 0.025334)
(0.38466 0.200191 0.025334)
(0.389668 0.200203 0.025334)
(0.394676 0.200214 0.025334)
(0.399683 0.200226 0.025334)
(0.404691 0.200237 0.025334)
(0.409699 0.200249 0.025334)
(0.414707 0.200261 0.025334)
(0.419715 0.200273 0.025334)
(0.424723 0.200285 0.025334)
(0.429731 0.200297 0.025334)
(0.434739 0.200309 0.025334)
(0.439747 0.200321 0.025334)
(0.444755 0.200333 0.025334)
(0.449762 0.200345 0.025334)
(0.45477 0.200357 0.025334)
(0.459778 0.200369 0.025334)
(0.464786 0.200382 0.025334)
(0.469794 0.200394 0.025334)
(0.474802 0.200406 0.025334)
(0.47981 0.200418 0.025334)
(0.484818 0.20043 0.025334)
(0.489826 0.200443 0.025334)
(0.494834 0.200455 0.025334)
(0.499842 0.200467 0.025334)
(0.50485 0.200479 0.025334)
(0.509858 0.200492 0.025334)
(0.514866 0.200504 0.025334)
(0.519874 0.200516 0.025334)
(0.524882 0.200528 0.025334)
(0.52989 0.20054 0.025334)
(0.534898 0.200553 0.025334)
(0.539905 0.200565 0.025334)
(0.544913 0.200577 0.025334)
(0.549921 0.200589 0.025334)
(0.554929 0.200602 0.025334)
(0.559937 0.200614 0.025334)
(0.564945 0.200626 0.025334)
(0.569953 0.200639 0.025334)
(0.574961 0.200651 0.025334)
(0.579969 0.200663 0.025334)
(0.584977 0.200675 0.025334)
(0.589985 0.200688 0.025334)
(0.594992 0.2007 0.025334)
(0.24999 0.205 0.025334)
(0.251062 0.205 0.025334)
(0.252212 0.205 0.025334)
(0.253446 0.205001 0.025334)
(0.254768 0.205001 0.025334)
(0.256187 0.205001 0.025334)
(0.257709 0.205002 0.025334)
(0.259341 0.205002 0.025334)
(0.261091 0.205003 0.025334)
(0.262969 0.205003 0.025334)
(0.264982 0.205004 0.025334)
(0.267141 0.205005 0.025334)
(0.269457 0.205007 0.025334)
(0.271941 0.205008 0.025334)
(0.274605 0.20501 0.025334)
(0.277462 0.205012 0.025334)
(0.280526 0.205015 0.025334)
(0.283813 0.205018 0.025334)
(0.287338 0.205021 0.025334)
(0.291118 0.205025 0.025334)
(0.295172 0.205029 0.025334)
(0.299521 0.205035 0.025334)
(0.304528 0.205041 0.025334)
(0.309535 0.205048 0.025334)
(0.314543 0.205055 0.025334)
(0.31955 0.205063 0.025334)
(0.324558 0.205071 0.025334)
(0.329565 0.20508 0.025334)
(0.334572 0.205089 0.025334)
(0.33958 0.205098 0.025334)
(0.344588 0.205107 0.025334)
(0.349595 0.205117 0.025334)
(0.354603 0.205127 0.025334)
(0.35961 0.205137 0.025334)
(0.364618 0.205148 0.025334)
(0.369626 0.205158 0.025334)
(0.374633 0.205169 0.025334)
(0.379641 0.20518 0.025334)
(0.384649 0.205192 0.025334)
(0.389656 0.205203 0.025334)
(0.394664 0.205214 0.025334)
(0.399672 0.205226 0.025334)
(0.40468 0.205237 0.025334)
(0.409687 0.205249 0.025334)
(0.414695 0.205261 0.025334)
(0.419703 0.205273 0.025334)
(0.424711 0.205285 0.025334)
(0.429719 0.205297 0.025334)
(0.434727 0.205309 0.025334)
(0.439735 0.205321 0.025334)
(0.444742 0.205333 0.025334)
(0.44975 0.205345 0.025334)
(0.454758 0.205357 0.025334)
(0.459766 0.205369 0.025334)
(0.464774 0.205382 0.025334)
(0.469782 0.205394 0.025334)
(0.47479 0.205406 0.025334)
(0.479798 0.205418 0.025334)
(0.484806 0.20543 0.025334)
(0.489814 0.205443 0.025334)
(0.494822 0.205455 0.025334)
(0.49983 0.205467 0.025334)
(0.504838 0.205479 0.025334)
(0.509846 0.205491 0.025334)
(0.514854 0.205504 0.025334)
(0.519861 0.205516 0.025334)
(0.524869 0.205528 0.025334)
(0.529877 0.20554 0.025334)
(0.534885 0.205553 0.025334)
(0.539893 0.205565 0.025334)
(0.544901 0.205577 0.025334)
(0.549909 0.205589 0.025334)
(0.554917 0.205602 0.025334)
(0.559925 0.205614 0.025334)
(0.564933 0.205626 0.025334)
(0.569941 0.205639 0.025334)
(0.574949 0.205651 0.025334)
(0.579957 0.205663 0.025334)
(0.584964 0.205675 0.025334)
(0.589972 0.205688 0.025334)
(0.59498 0.2057 0.025334)
(0.299514 0.210035 -0.025334)
(0.299539 0.190035 -0.025334)
(0.600025 0.190712 -0.025334)
(0.595017 0.1907 -0.025334)
(0.590009 0.190688 -0.025334)
(0.585001 0.190676 -0.025334)
(0.579993 0.190663 -0.025334)
(0.574985 0.190651 -0.025334)
(0.569978 0.190639 -0.025334)
(0.56497 0.190626 -0.025334)
(0.559962 0.190614 -0.025334)
(0.554954 0.190602 -0.025334)
(0.549946 0.19059 -0.025334)
(0.544938 0.190577 -0.025334)
(0.53993 0.190565 -0.025334)
(0.534922 0.190553 -0.025334)
(0.529914 0.190541 -0.025334)
(0.524906 0.190528 -0.025334)
(0.519898 0.190516 -0.025334)
(0.51489 0.190504 -0.025334)
(0.509882 0.190492 -0.025334)
(0.504874 0.190479 -0.025334)
(0.499866 0.190467 -0.025334)
(0.494858 0.190455 -0.025334)
(0.48985 0.190443 -0.025334)
(0.484842 0.190431 -0.025334)
(0.479834 0.190418 -0.025334)
(0.474827 0.190406 -0.025334)
(0.469819 0.190394 -0.025334)
(0.464811 0.190382 -0.025334)
(0.459803 0.19037 -0.025334)
(0.454795 0.190357 -0.025334)
(0.449787 0.190345 -0.025334)
(0.444779 0.190333 -0.025334)
(0.439771 0.190321 -0.025334)
(0.434763 0.190309 -0.025334)
(0.429755 0.190297 -0.025334)
(0.424747 0.190285 -0.025334)
(0.419739 0.190273 -0.025334)
(0.414731 0.190261 -0.025334)
(0.409723 0.190249 -0.025334)
(0.404715 0.190238 -0.025334)
(0.399706 0.190226 -0.025334)
(0.394698 0.190214 -0.025334)
(0.38969 0.190203 -0.025334)
(0.384682 0.190192 -0.025334)
(0.379674 0.19018 -0.025334)
(0.374666 0.190169 -0.025334)
(0.369658 0.190159 -0.025334)
(0.364649 0.190148 -0.025334)
(0.359641 0.190137 -0.025334)
(0.354633 0.190127 -0.025334)
(0.349624 0.190117 -0.025334)
(0.344616 0.190107 -0.025334)
(0.339608 0.190098 -0.025334)
(0.334599 0.190089 -0.025334)
(0.329591 0.19008 -0.025334)
(0.324582 0.190071 -0.025334)
(0.319574 0.190063 -0.025334)
(0.314565 0.190055 -0.025334)
(0.309556 0.190048 -0.025334)
(0.304548 0.190041 -0.025334)
(0.6 0.200712 -0.025334)
(0.600013 0.195712 -0.025334)
(0.599976 0.210712 -0.025334)
(0.599988 0.205712 -0.025334)
(0.304521 0.210042 -0.025334)
(0.309528 0.210049 -0.025334)
(0.314535 0.210056 -0.025334)
(0.319542 0.210064 -0.025334)
(0.324549 0.210072 -0.025334)
(0.329556 0.21008 -0.025334)
(0.334564 0.210089 -0.025334)
(0.339571 0.210098 -0.025334)
(0.344578 0.210108 -0.025334)
(0.349585 0.210117 -0.025334)
(0.354593 0.210127 -0.025334)
(0.3596 0.210138 -0.025334)
(0.364607 0.210148 -0.025334)
(0.369615 0.210159 -0.025334)
(0.374622 0.21017 -0.025334)
(0.37963 0.210181 -0.025334)
(0.384637 0.210192 -0.025334)
(0.389645 0.210203 -0.025334)
(0.394653 0.210214 -0.025334)
(0.39966 0.210226 -0.025334)
(0.404668 0.210238 -0.025334)
(0.409676 0.210249 -0.025334)
(0.414683 0.210261 -0.025334)
(0.419691 0.210273 -0.025334)
(0.424699 0.210285 -0.025334)
(0.429707 0.210297 -0.025334)
(0.434715 0.210309 -0.025334)
(0.439723 0.210321 -0.025334)
(0.44473 0.210333 -0.025334)
(0.449738 0.210345 -0.025334)
(0.454746 0.210357 -0.025334)
(0.459754 0.210369 -0.025334)
(0.464762 0.210382 -0.025334)
(0.46977 0.210394 -0.025334)
(0.474778 0.210406 -0.025334)
(0.479786 0.210418 -0.025334)
(0.484794 0.21043 -0.025334)
(0.489802 0.210443 -0.025334)
(0.49481 0.210455 -0.025334)
(0.499818 0.210467 -0.025334)
(0.504825 0.210479 -0.025334)
(0.509833 0.210491 -0.025334)
(0.514841 0.210504 -0.025334)
(0.519849 0.210516 -0.025334)
(0.524857 0.210528 -0.025334)
(0.529865 0.21054 -0.025334)
(0.534873 0.210553 -0.025334)
(0.539881 0.210565 -0.025334)
(0.544889 0.210577 -0.025334)
(0.549897 0.210589 -0.025334)
(0.554905 0.210602 -0.025334)
(0.559913 0.210614 -0.025334)
(0.564921 0.210626 -0.025334)
(0.569929 0.210638 -0.025334)
(0.574936 0.210651 -0.025334)
(0.579944 0.210663 -0.025334)
(0.584952 0.210675 -0.025334)
(0.58996 0.210688 -0.025334)
(0.594968 0.2107 -0.025334)
(0.248989 0.21 -0.025334)
(0.249989 0.210001 -0.025334)
(0.251061 0.210001 -0.025334)
(0.252211 0.210001 -0.025334)
(0.253445 0.210001 -0.025334)
(0.254768 0.210002 -0.025334)
(0.256186 0.210002 -0.025334)
(0.257708 0.210002 -0.025334)
(0.259339 0.210003 -0.025334)
(0.26109 0.210003 -0.025334)
(0.262967 0.210004 -0.025334)
(0.26498 0.210005 -0.025334)
(0.267139 0.210006 -0.025334)
(0.269454 0.210007 -0.025334)
(0.271938 0.210009 -0.025334)
(0.274601 0.210011 -0.025334)
(0.277458 0.210013 -0.025334)
(0.280522 0.210015 -0.025334)
(0.283808 0.210018 -0.025334)
(0.287333 0.210022 -0.025334)
(0.291112 0.210025 -0.025334)
(0.295166 0.21003 -0.025334)
(0.24899 0.19 -0.025334)
(0.295189 0.190029 -0.025334)
(0.291134 0.190025 -0.025334)
(0.287352 0.190021 -0.025334)
(0.283826 0.190018 -0.025334)
(0.280539 0.190015 -0.025334)
(0.277473 0.190012 -0.025334)
(0.274615 0.19001 -0.025334)
(0.27195 0.190008 -0.025334)
(0.269466 0.190007 -0.025334)
(0.267149 0.190006 -0.025334)
(0.264989 0.190004 -0.025334)
(0.262974 0.190004 -0.025334)
(0.261096 0.190003 -0.025334)
(0.259345 0.190002 -0.025334)
(0.257713 0.190002 -0.025334)
(0.25619 0.190001 -0.025334)
(0.254771 0.190001 -0.025334)
(0.253447 0.190001 -0.025334)
(0.252213 0.190001 -0.025334)
(0.251063 0.190001 -0.025334)
(0.24999 0.19 -0.025334)
(0.24899 0.195 -0.025334)
(0.24899 0.2 -0.025334)
(0.24899 0.205 -0.025334)
(0.24999 0.195 -0.025334)
(0.251063 0.195 -0.025334)
(0.252213 0.195 -0.025334)
(0.253447 0.195 -0.025334)
(0.25477 0.195001 -0.025334)
(0.256189 0.195001 -0.025334)
(0.257711 0.195001 -0.025334)
(0.259344 0.195002 -0.025334)
(0.261095 0.195002 -0.025334)
(0.262972 0.195003 -0.025334)
(0.264986 0.195004 -0.025334)
(0.267146 0.195005 -0.025334)
(0.269463 0.195006 -0.025334)
(0.271947 0.195008 -0.025334)
(0.274612 0.19501 -0.025334)
(0.27747 0.195012 -0.025334)
(0.280535 0.195014 -0.025334)
(0.283822 0.195017 -0.025334)
(0.287347 0.195021 -0.025334)
(0.291128 0.195025 -0.025334)
(0.295184 0.195029 -0.025334)
(0.299533 0.195034 -0.025334)
(0.304541 0.195041 -0.025334)
(0.309549 0.195048 -0.025334)
(0.314558 0.195055 -0.025334)
(0.319566 0.195063 -0.025334)
(0.324574 0.195071 -0.025334)
(0.329582 0.19508 -0.025334)
(0.33459 0.195089 -0.025334)
(0.339598 0.195098 -0.025334)
(0.344607 0.195107 -0.025334)
(0.349615 0.195117 -0.025334)
(0.354623 0.195127 -0.025334)
(0.359631 0.195137 -0.025334)
(0.364639 0.195148 -0.025334)
(0.369647 0.195158 -0.025334)
(0.374655 0.195169 -0.025334)
(0.379663 0.19518 -0.025334)
(0.384671 0.195191 -0.025334)
(0.389679 0.195203 -0.025334)
(0.394687 0.195214 -0.025334)
(0.399695 0.195226 -0.025334)
(0.404703 0.195237 -0.025334)
(0.409711 0.195249 -0.025334)
(0.414719 0.195261 -0.025334)
(0.419727 0.195273 -0.025334)
(0.424735 0.195285 -0.025334)
(0.429743 0.195297 -0.025334)
(0.434751 0.195309 -0.025334)
(0.439759 0.195321 -0.025334)
(0.444767 0.195333 -0.025334)
(0.449775 0.195345 -0.025334)
(0.454783 0.195357 -0.025334)
(0.45979 0.19537 -0.025334)
(0.464798 0.195382 -0.025334)
(0.469806 0.195394 -0.025334)
(0.474814 0.195406 -0.025334)
(0.479822 0.195418 -0.025334)
(0.48483 0.195431 -0.025334)
(0.489838 0.195443 -0.025334)
(0.494846 0.195455 -0.025334)
(0.499854 0.195467 -0.025334)
(0.504862 0.195479 -0.025334)
(0.50987 0.195492 -0.025334)
(0.514878 0.195504 -0.025334)
(0.519886 0.195516 -0.025334)
(0.524894 0.195528 -0.025334)
(0.529902 0.195541 -0.025334)
(0.53491 0.195553 -0.025334)
(0.539918 0.195565 -0.025334)
(0.544926 0.195577 -0.025334)
(0.549934 0.19559 -0.025334)
(0.554942 0.195602 -0.025334)
(0.559949 0.195614 -0.025334)
(0.564957 0.195626 -0.025334)
(0.569965 0.195639 -0.025334)
(0.574973 0.195651 -0.025334)
(0.579981 0.195663 -0.025334)
(0.584989 0.195675 -0.025334)
(0.589997 0.195688 -0.025334)
(0.595005 0.1957 -0.025334)
(0.24999 0.2 -0.025334)
(0.251062 0.2 -0.025334)
(0.252213 0.2 -0.025334)
(0.253446 0.2 -0.025334)
(0.254769 0.2 -0.025334)
(0.256188 0.200001 -0.025334)
(0.25771 0.200001 -0.025334)
(0.259342 0.200002 -0.025334)
(0.261093 0.200002 -0.025334)
(0.26297 0.200003 -0.025334)
(0.264984 0.200004 -0.025334)
(0.267144 0.200005 -0.025334)
(0.26946 0.200006 -0.025334)
(0.271944 0.200008 -0.025334)
(0.274608 0.20001 -0.025334)
(0.277466 0.200012 -0.025334)
(0.28053 0.200014 -0.025334)
(0.283817 0.200017 -0.025334)
(0.287342 0.200021 -0.025334)
(0.291123 0.200025 -0.025334)
(0.295178 0.200029 -0.025334)
(0.299527 0.200034 -0.025334)
(0.304535 0.200041 -0.025334)
(0.309542 0.200048 -0.025334)
(0.31455 0.200055 -0.025334)
(0.319558 0.200063 -0.025334)
(0.324566 0.200071 -0.025334)
(0.329574 0.20008 -0.025334)
(0.334581 0.200089 -0.025334)
(0.339589 0.200098 -0.025334)
(0.344597 0.200107 -0.025334)
(0.349605 0.200117 -0.025334)
(0.354613 0.200127 -0.025334)
(0.359621 0.200137 -0.025334)
(0.364628 0.200148 -0.025334)
(0.369636 0.200158 -0.025334)
(0.374644 0.200169 -0.025334)
(0.379652 0.20018 -0.025334)
(0.38466 0.200191 -0.025334)
(0.389668 0.200203 -0.025334)
(0.394676 0.200214 -0.025334)
(0.399683 0.200226 -0.025334)
(0.404691 0.200237 -0.025334)
(0.409699 0.200249 -0.025334)
(0.414707 0.200261 -0.025334)
(0.419715 0.200273 -0.025334)
(0.424723 0.200285 -0.025334)
(0.429731 0.200297 -0.025334)
(0.434739 0.200309 -0.025334)
(0.439747 0.200321 -0.025334)
(0.444755 0.200333 -0.025334)
(0.449762 0.200345 -0.025334)
(0.45477 0.200357 -0.025334)
(0.459778 0.200369 -0.025334)
(0.464786 0.200382 -0.025334)
(0.469794 0.200394 -0.025334)
(0.474802 0.200406 -0.025334)
(0.47981 0.200418 -0.025334)
(0.484818 0.20043 -0.025334)
(0.489826 0.200443 -0.025334)
(0.494834 0.200455 -0.025334)
(0.499842 0.200467 -0.025334)
(0.50485 0.200479 -0.025334)
(0.509858 0.200492 -0.025334)
(0.514866 0.200504 -0.025334)
(0.519874 0.200516 -0.025334)
(0.524882 0.200528 -0.025334)
(0.52989 0.20054 -0.025334)
(0.534898 0.200553 -0.025334)
(0.539905 0.200565 -0.025334)
(0.544913 0.200577 -0.025334)
(0.549921 0.200589 -0.025334)
(0.554929 0.200602 -0.025334)
(0.559937 0.200614 -0.025334)
(0.564945 0.200626 -0.025334)
(0.569953 0.200639 -0.025334)
(0.574961 0.200651 -0.025334)
(0.579969 0.200663 -0.025334)
(0.584977 0.200675 -0.025334)
(0.589985 0.200688 -0.025334)
(0.594992 0.2007 -0.025334)
(0.24999 0.205 -0.025334)
(0.251062 0.205 -0.025334)
(0.252212 0.205 -0.025334)
(0.253446 0.205001 -0.025334)
(0.254768 0.205001 -0.025334)
(0.256187 0.205001 -0.025334)
(0.257709 0.205002 -0.025334)
(0.259341 0.205002 -0.025334)
(0.261091 0.205003 -0.025334)
(0.262969 0.205003 -0.025334)
(0.264982 0.205004 -0.025334)
(0.267141 0.205005 -0.025334)
(0.269457 0.205007 -0.025334)
(0.271941 0.205008 -0.025334)
(0.274605 0.20501 -0.025334)
(0.277462 0.205012 -0.025334)
(0.280526 0.205015 -0.025334)
(0.283813 0.205018 -0.025334)
(0.287338 0.205021 -0.025334)
(0.291118 0.205025 -0.025334)
(0.295172 0.205029 -0.025334)
(0.299521 0.205035 -0.025334)
(0.304528 0.205041 -0.025334)
(0.309535 0.205048 -0.025334)
(0.314543 0.205055 -0.025334)
(0.31955 0.205063 -0.025334)
(0.324558 0.205071 -0.025334)
(0.329565 0.20508 -0.025334)
(0.334572 0.205089 -0.025334)
(0.33958 0.205098 -0.025334)
(0.344588 0.205107 -0.025334)
(0.349595 0.205117 -0.025334)
(0.354603 0.205127 -0.025334)
(0.35961 0.205137 -0.025334)
(0.364618 0.205148 -0.025334)
(0.369626 0.205158 -0.025334)
(0.374633 0.205169 -0.025334)
(0.379641 0.20518 -0.025334)
(0.384649 0.205192 -0.025334)
(0.389656 0.205203 -0.025334)
(0.394664 0.205214 -0.025334)
(0.399672 0.205226 -0.025334)
(0.40468 0.205237 -0.025334)
(0.409687 0.205249 -0.025334)
(0.414695 0.205261 -0.025334)
(0.419703 0.205273 -0.025334)
(0.424711 0.205285 -0.025334)
(0.429719 0.205297 -0.025334)
(0.434727 0.205309 -0.025334)
(0.439735 0.205321 -0.025334)
(0.444742 0.205333 -0.025334)
(0.44975 0.205345 -0.025334)
(0.454758 0.205357 -0.025334)
(0.459766 0.205369 -0.025334)
(0.464774 0.205382 -0.025334)
(0.469782 0.205394 -0.025334)
(0.47479 0.205406 -0.025334)
(0.479798 0.205418 -0.025334)
(0.484806 0.20543 -0.025334)
(0.489814 0.205443 -0.025334)
(0.494822 0.205455 -0.025334)
(0.49983 0.205467 -0.025334)
(0.504838 0.205479 -0.025334)
(0.509846 0.205491 -0.025334)
(0.514854 0.205504 -0.025334)
(0.519861 0.205516 -0.025334)
(0.524869 0.205528 -0.025334)
(0.529877 0.20554 -0.025334)
(0.534885 0.205553 -0.025334)
(0.539893 0.205565 -0.025334)
(0.544901 0.205577 -0.025334)
(0.549909 0.205589 -0.025334)
(0.554917 0.205602 -0.025334)
(0.559925 0.205614 -0.025334)
(0.564933 0.205626 -0.025334)
(0.569941 0.205639 -0.025334)
(0.574949 0.205651 -0.025334)
(0.579957 0.205663 -0.025334)
(0.584964 0.205675 -0.025334)
(0.589972 0.205688 -0.025334)
(0.59498 0.2057 -0.025334)
)


// ************************************************************************* //
