/*--------------------------------*- C++ -*----------------------------------*\
| =========                 |                                                 |
| \\      /  F ield         | OpenFOAM Extend Project: Open source CFD        |
|  \\    /   O peration     | Version:  1.6-ext                               |
|   \\  /    A nd           | Web:      www.extend-project.de                 |
|    \\/     M anipulation  |                                                 |
\*---------------------------------------------------------------------------*/
FoamFile
{
    version     2.0;
    format      ascii;
    class       vectorField;
    location    "0.1/polyMesh";
    object      points;
}
// * * * * * * * * * * * * * * * * * * * * * * * * * * * * * * * * * * * * * //


830
(
(0.299539 0.20999 0.025334)
(0.299534 0.189993 0.025334)
(0.600033 0.189949 0.025334)
(0.595025 0.189948 0.025334)
(0.590017 0.189948 0.025334)
(0.585009 0.189948 0.025334)
(0.580001 0.189948 0.025334)
(0.574993 0.189947 0.025334)
(0.569985 0.189947 0.025334)
(0.564978 0.189947 0.025334)
(0.55997 0.189947 0.025334)
(0.554962 0.189947 0.025334)
(0.549954 0.189946 0.025334)
(0.544945 0.189946 0.025334)
(0.539937 0.189946 0.025334)
(0.534929 0.189946 0.025334)
(0.529921 0.189946 0.025334)
(0.524913 0.189946 0.025334)
(0.519905 0.189946 0.025334)
(0.514897 0.189946 0.025334)
(0.509889 0.189946 0.025334)
(0.50488 0.189946 0.025334)
(0.499872 0.189946 0.025334)
(0.494864 0.189946 0.025334)
(0.489856 0.189946 0.025334)
(0.484848 0.189946 0.025334)
(0.479839 0.189947 0.025334)
(0.474831 0.189947 0.025334)
(0.469823 0.189947 0.025334)
(0.464814 0.189948 0.025334)
(0.459806 0.189949 0.025334)
(0.454798 0.189949 0.025334)
(0.449789 0.18995 0.025334)
(0.444781 0.189951 0.025334)
(0.439772 0.189952 0.025334)
(0.434764 0.189952 0.025334)
(0.429756 0.189953 0.025334)
(0.424747 0.189954 0.025334)
(0.419739 0.189956 0.025334)
(0.41473 0.189957 0.025334)
(0.409722 0.189958 0.025334)
(0.404713 0.189959 0.025334)
(0.399705 0.189961 0.025334)
(0.394696 0.189962 0.025334)
(0.389688 0.189964 0.025334)
(0.384679 0.189965 0.025334)
(0.379671 0.189967 0.025334)
(0.374662 0.189968 0.025334)
(0.369654 0.18997 0.025334)
(0.364645 0.189972 0.025334)
(0.359636 0.189973 0.025334)
(0.354628 0.189975 0.025334)
(0.349619 0.189977 0.025334)
(0.344611 0.189979 0.025334)
(0.339602 0.18998 0.025334)
(0.334594 0.189982 0.025334)
(0.329585 0.189984 0.025334)
(0.324577 0.189986 0.025334)
(0.319568 0.189987 0.025334)
(0.314559 0.189989 0.025334)
(0.309551 0.18999 0.025334)
(0.304542 0.189992 0.025334)
(0.600032 0.199948 0.025334)
(0.600033 0.194949 0.025334)
(0.600032 0.209948 0.025334)
(0.600032 0.204948 0.025334)
(0.304548 0.209989 0.025334)
(0.309557 0.209987 0.025334)
(0.314566 0.209986 0.025334)
(0.319574 0.209984 0.025334)
(0.324583 0.209983 0.025334)
(0.329592 0.209981 0.025334)
(0.3346 0.209979 0.025334)
(0.339609 0.209978 0.025334)
(0.344618 0.209976 0.025334)
(0.349626 0.209974 0.025334)
(0.354635 0.209973 0.025334)
(0.359643 0.209971 0.025334)
(0.364652 0.209969 0.025334)
(0.36966 0.209968 0.025334)
(0.374668 0.209966 0.025334)
(0.379677 0.209964 0.025334)
(0.384685 0.209963 0.025334)
(0.389694 0.209961 0.025334)
(0.394702 0.20996 0.025334)
(0.39971 0.209959 0.025334)
(0.404718 0.209957 0.025334)
(0.409727 0.209956 0.025334)
(0.414735 0.209955 0.025334)
(0.419743 0.209954 0.025334)
(0.424751 0.209953 0.025334)
(0.429759 0.209951 0.025334)
(0.434768 0.209951 0.025334)
(0.439776 0.20995 0.025334)
(0.444784 0.209949 0.025334)
(0.449792 0.209948 0.025334)
(0.4548 0.209947 0.025334)
(0.459808 0.209947 0.025334)
(0.464816 0.209946 0.025334)
(0.469824 0.209946 0.025334)
(0.474833 0.209946 0.025334)
(0.479841 0.209945 0.025334)
(0.484849 0.209945 0.025334)
(0.489857 0.209945 0.025334)
(0.494865 0.209945 0.025334)
(0.499873 0.209944 0.025334)
(0.504881 0.209944 0.025334)
(0.509889 0.209944 0.025334)
(0.514897 0.209944 0.025334)
(0.519905 0.209944 0.025334)
(0.524913 0.209945 0.025334)
(0.529921 0.209945 0.025334)
(0.534929 0.209945 0.025334)
(0.539937 0.209945 0.025334)
(0.544945 0.209945 0.025334)
(0.549953 0.209945 0.025334)
(0.554961 0.209946 0.025334)
(0.559969 0.209946 0.025334)
(0.564977 0.209946 0.025334)
(0.569985 0.209947 0.025334)
(0.574992 0.209947 0.025334)
(0.58 0.209947 0.025334)
(0.585008 0.209947 0.025334)
(0.590016 0.209948 0.025334)
(0.595024 0.209948 0.025334)
(0.248991 0.21 0.025334)
(0.249991 0.209999 0.025334)
(0.251063 0.209999 0.025334)
(0.252214 0.209999 0.025334)
(0.253447 0.209998 0.025334)
(0.254771 0.209998 0.025334)
(0.25619 0.209998 0.025334)
(0.257712 0.209998 0.025334)
(0.259345 0.209998 0.025334)
(0.261096 0.209998 0.025334)
(0.262974 0.209997 0.025334)
(0.264988 0.209997 0.025334)
(0.267148 0.209997 0.025334)
(0.269465 0.209997 0.025334)
(0.27195 0.209996 0.025334)
(0.274615 0.209996 0.025334)
(0.277473 0.209995 0.025334)
(0.280538 0.209995 0.025334)
(0.283826 0.209994 0.025334)
(0.287352 0.209993 0.025334)
(0.291134 0.209992 0.025334)
(0.295189 0.209991 0.025334)
(0.248991 0.19 0.025334)
(0.295184 0.189994 0.025334)
(0.291129 0.189996 0.025334)
(0.287347 0.189996 0.025334)
(0.283822 0.189997 0.025334)
(0.280534 0.189998 0.025334)
(0.277469 0.189999 0.025334)
(0.274612 0.189999 0.025334)
(0.271947 0.189999 0.025334)
(0.269462 0.19 0.025334)
(0.267146 0.19 0.025334)
(0.264986 0.19 0.025334)
(0.262972 0.190001 0.025334)
(0.261094 0.190001 0.025334)
(0.259343 0.190001 0.025334)
(0.257711 0.190001 0.025334)
(0.256189 0.190001 0.025334)
(0.25477 0.190001 0.025334)
(0.253447 0.190001 0.025334)
(0.252213 0.190001 0.025334)
(0.251063 0.190001 0.025334)
(0.24999 0.190001 0.025334)
(0.24899 0.195 0.025334)
(0.24899 0.2 0.025334)
(0.24899 0.205 0.025334)
(0.24999 0.195 0.025334)
(0.251062 0.195 0.025334)
(0.252213 0.195 0.025334)
(0.253447 0.195 0.025334)
(0.25477 0.195 0.025334)
(0.256189 0.195 0.025334)
(0.257711 0.195 0.025334)
(0.259344 0.195 0.025334)
(0.261095 0.195 0.025334)
(0.262972 0.195 0.025334)
(0.264986 0.195 0.025334)
(0.267146 0.194999 0.025334)
(0.269463 0.194999 0.025334)
(0.271948 0.194999 0.025334)
(0.274612 0.194998 0.025334)
(0.27747 0.194998 0.025334)
(0.280535 0.194997 0.025334)
(0.283823 0.194997 0.025334)
(0.287349 0.194996 0.025334)
(0.29113 0.194995 0.025334)
(0.295185 0.194994 0.025334)
(0.299535 0.194993 0.025334)
(0.304544 0.194991 0.025334)
(0.309552 0.19499 0.025334)
(0.314561 0.194988 0.025334)
(0.319569 0.194986 0.025334)
(0.324578 0.194985 0.025334)
(0.329587 0.194983 0.025334)
(0.334595 0.194981 0.025334)
(0.339604 0.19498 0.025334)
(0.344612 0.194978 0.025334)
(0.349621 0.194976 0.025334)
(0.354629 0.194974 0.025334)
(0.359638 0.194973 0.025334)
(0.364647 0.194971 0.025334)
(0.369655 0.194969 0.025334)
(0.374664 0.194968 0.025334)
(0.379672 0.194966 0.025334)
(0.384681 0.194965 0.025334)
(0.389689 0.194963 0.025334)
(0.394698 0.194962 0.025334)
(0.399706 0.19496 0.025334)
(0.404714 0.194959 0.025334)
(0.409723 0.194957 0.025334)
(0.414731 0.194956 0.025334)
(0.41974 0.194955 0.025334)
(0.424748 0.194954 0.025334)
(0.429756 0.194953 0.025334)
(0.434765 0.194952 0.025334)
(0.439773 0.194951 0.025334)
(0.444782 0.19495 0.025334)
(0.44979 0.194949 0.025334)
(0.454798 0.194949 0.025334)
(0.459806 0.194948 0.025334)
(0.464815 0.194948 0.025334)
(0.469823 0.194947 0.025334)
(0.474831 0.194947 0.025334)
(0.47984 0.194946 0.025334)
(0.484848 0.194946 0.025334)
(0.489856 0.194946 0.025334)
(0.494864 0.194946 0.025334)
(0.499872 0.194945 0.025334)
(0.50488 0.194945 0.025334)
(0.509889 0.194945 0.025334)
(0.514897 0.194945 0.025334)
(0.519905 0.194945 0.025334)
(0.524913 0.194945 0.025334)
(0.529921 0.194945 0.025334)
(0.534929 0.194946 0.025334)
(0.539937 0.194946 0.025334)
(0.544945 0.194946 0.025334)
(0.549953 0.194946 0.025334)
(0.554961 0.194946 0.025334)
(0.559969 0.194947 0.025334)
(0.564977 0.194947 0.025334)
(0.569985 0.194947 0.025334)
(0.574993 0.194947 0.025334)
(0.580001 0.194948 0.025334)
(0.585009 0.194948 0.025334)
(0.590017 0.194948 0.025334)
(0.595025 0.194948 0.025334)
(0.24999 0.2 0.025334)
(0.251062 0.2 0.025334)
(0.252213 0.2 0.025334)
(0.253447 0.2 0.025334)
(0.25477 0.2 0.025334)
(0.256189 0.2 0.025334)
(0.257712 0.2 0.025334)
(0.259344 0.2 0.025334)
(0.261095 0.199999 0.025334)
(0.262973 0.199999 0.025334)
(0.264987 0.199999 0.025334)
(0.267147 0.199999 0.025334)
(0.269464 0.199998 0.025334)
(0.271948 0.199998 0.025334)
(0.274613 0.199998 0.025334)
(0.277471 0.199997 0.025334)
(0.280536 0.199996 0.025334)
(0.283824 0.199996 0.025334)
(0.28735 0.199995 0.025334)
(0.291131 0.199994 0.025334)
(0.295187 0.199993 0.025334)
(0.299536 0.199992 0.025334)
(0.304545 0.19999 0.025334)
(0.309554 0.199989 0.025334)
(0.314562 0.199987 0.025334)
(0.319571 0.199986 0.025334)
(0.32458 0.199984 0.025334)
(0.329588 0.199982 0.025334)
(0.334597 0.199981 0.025334)
(0.339605 0.199979 0.025334)
(0.344614 0.199977 0.025334)
(0.349623 0.199976 0.025334)
(0.354631 0.199974 0.025334)
(0.35964 0.199972 0.025334)
(0.364648 0.19997 0.025334)
(0.369657 0.199969 0.025334)
(0.374665 0.199967 0.025334)
(0.379674 0.199966 0.025334)
(0.384682 0.199964 0.025334)
(0.38969 0.199962 0.025334)
(0.394699 0.199961 0.025334)
(0.399707 0.19996 0.025334)
(0.404716 0.199958 0.025334)
(0.409724 0.199957 0.025334)
(0.414732 0.199956 0.025334)
(0.419741 0.199954 0.025334)
(0.424749 0.199953 0.025334)
(0.429757 0.199952 0.025334)
(0.434766 0.199951 0.025334)
(0.439774 0.199951 0.025334)
(0.444782 0.19995 0.025334)
(0.449791 0.199949 0.025334)
(0.454799 0.199948 0.025334)
(0.459807 0.199948 0.025334)
(0.464815 0.199947 0.025334)
(0.469823 0.199947 0.025334)
(0.474832 0.199946 0.025334)
(0.47984 0.199946 0.025334)
(0.484848 0.199946 0.025334)
(0.489856 0.199945 0.025334)
(0.494864 0.199945 0.025334)
(0.499872 0.199945 0.025334)
(0.504881 0.199945 0.025334)
(0.509889 0.199945 0.025334)
(0.514897 0.199945 0.025334)
(0.519905 0.199945 0.025334)
(0.524913 0.199945 0.025334)
(0.529921 0.199945 0.025334)
(0.534929 0.199945 0.025334)
(0.539937 0.199946 0.025334)
(0.544945 0.199946 0.025334)
(0.549953 0.199946 0.025334)
(0.554961 0.199946 0.025334)
(0.559969 0.199946 0.025334)
(0.564977 0.199947 0.025334)
(0.569985 0.199947 0.025334)
(0.574993 0.199947 0.025334)
(0.580001 0.199947 0.025334)
(0.585009 0.199948 0.025334)
(0.590016 0.199948 0.025334)
(0.595024 0.199948 0.025334)
(0.24999 0.205 0.025334)
(0.251063 0.205 0.025334)
(0.252213 0.204999 0.025334)
(0.253447 0.204999 0.025334)
(0.25477 0.204999 0.025334)
(0.25619 0.204999 0.025334)
(0.257712 0.204999 0.025334)
(0.259344 0.204999 0.025334)
(0.261095 0.204999 0.025334)
(0.262973 0.204998 0.025334)
(0.264987 0.204998 0.025334)
(0.267148 0.204998 0.025334)
(0.269464 0.204997 0.025334)
(0.271949 0.204997 0.025334)
(0.274614 0.204997 0.025334)
(0.277472 0.204996 0.025334)
(0.280537 0.204996 0.025334)
(0.283825 0.204995 0.025334)
(0.287351 0.204994 0.025334)
(0.291132 0.204993 0.025334)
(0.295188 0.204992 0.025334)
(0.299538 0.204991 0.025334)
(0.304546 0.20499 0.025334)
(0.309555 0.204988 0.025334)
(0.314564 0.204987 0.025334)
(0.319573 0.204985 0.025334)
(0.324581 0.204983 0.025334)
(0.32959 0.204982 0.025334)
(0.334599 0.20498 0.025334)
(0.339607 0.204978 0.025334)
(0.344616 0.204977 0.025334)
(0.349624 0.204975 0.025334)
(0.354633 0.204973 0.025334)
(0.359641 0.204971 0.025334)
(0.36465 0.20497 0.025334)
(0.369658 0.204968 0.025334)
(0.374667 0.204967 0.025334)
(0.379675 0.204965 0.025334)
(0.384684 0.204963 0.025334)
(0.389692 0.204962 0.025334)
(0.3947 0.20496 0.025334)
(0.399709 0.204959 0.025334)
(0.404717 0.204958 0.025334)
(0.409725 0.204956 0.025334)
(0.414734 0.204955 0.025334)
(0.419742 0.204954 0.025334)
(0.42475 0.204953 0.025334)
(0.429758 0.204952 0.025334)
(0.434767 0.204951 0.025334)
(0.439775 0.20495 0.025334)
(0.444783 0.204949 0.025334)
(0.449791 0.204949 0.025334)
(0.454799 0.204948 0.025334)
(0.459808 0.204947 0.025334)
(0.464816 0.204947 0.025334)
(0.469824 0.204946 0.025334)
(0.474832 0.204946 0.025334)
(0.47984 0.204946 0.025334)
(0.484848 0.204945 0.025334)
(0.489856 0.204945 0.025334)
(0.494864 0.204945 0.025334)
(0.499873 0.204945 0.025334)
(0.504881 0.204945 0.025334)
(0.509889 0.204945 0.025334)
(0.514897 0.204945 0.025334)
(0.519905 0.204945 0.025334)
(0.524913 0.204945 0.025334)
(0.529921 0.204945 0.025334)
(0.534929 0.204945 0.025334)
(0.539937 0.204945 0.025334)
(0.544945 0.204945 0.025334)
(0.549953 0.204946 0.025334)
(0.554961 0.204946 0.025334)
(0.559969 0.204946 0.025334)
(0.564977 0.204946 0.025334)
(0.569985 0.204947 0.025334)
(0.574993 0.204947 0.025334)
(0.580001 0.204947 0.025334)
(0.585008 0.204948 0.025334)
(0.590016 0.204948 0.025334)
(0.595024 0.204948 0.025334)
(0.299539 0.20999 -0.025334)
(0.299534 0.189993 -0.025334)
(0.600033 0.189949 -0.025334)
(0.595025 0.189948 -0.025334)
(0.590017 0.189948 -0.025334)
(0.585009 0.189948 -0.025334)
(0.580001 0.189948 -0.025334)
(0.574993 0.189947 -0.025334)
(0.569985 0.189947 -0.025334)
(0.564978 0.189947 -0.025334)
(0.55997 0.189947 -0.025334)
(0.554962 0.189947 -0.025334)
(0.549954 0.189946 -0.025334)
(0.544945 0.189946 -0.025334)
(0.539937 0.189946 -0.025334)
(0.534929 0.189946 -0.025334)
(0.529921 0.189946 -0.025334)
(0.524913 0.189946 -0.025334)
(0.519905 0.189946 -0.025334)
(0.514897 0.189946 -0.025334)
(0.509889 0.189946 -0.025334)
(0.50488 0.189946 -0.025334)
(0.499872 0.189946 -0.025334)
(0.494864 0.189946 -0.025334)
(0.489856 0.189946 -0.025334)
(0.484848 0.189946 -0.025334)
(0.479839 0.189947 -0.025334)
(0.474831 0.189947 -0.025334)
(0.469823 0.189947 -0.025334)
(0.464814 0.189948 -0.025334)
(0.459806 0.189949 -0.025334)
(0.454798 0.189949 -0.025334)
(0.449789 0.18995 -0.025334)
(0.444781 0.189951 -0.025334)
(0.439772 0.189952 -0.025334)
(0.434764 0.189952 -0.025334)
(0.429756 0.189953 -0.025334)
(0.424747 0.189954 -0.025334)
(0.419739 0.189956 -0.025334)
(0.41473 0.189957 -0.025334)
(0.409722 0.189958 -0.025334)
(0.404713 0.189959 -0.025334)
(0.399705 0.189961 -0.025334)
(0.394696 0.189962 -0.025334)
(0.389688 0.189964 -0.025334)
(0.384679 0.189965 -0.025334)
(0.379671 0.189967 -0.025334)
(0.374662 0.189968 -0.025334)
(0.369654 0.18997 -0.025334)
(0.364645 0.189972 -0.025334)
(0.359636 0.189973 -0.025334)
(0.354628 0.189975 -0.025334)
(0.349619 0.189977 -0.025334)
(0.344611 0.189979 -0.025334)
(0.339602 0.18998 -0.025334)
(0.334594 0.189982 -0.025334)
(0.329585 0.189984 -0.025334)
(0.324577 0.189986 -0.025334)
(0.319568 0.189987 -0.025334)
(0.314559 0.189989 -0.025334)
(0.309551 0.18999 -0.025334)
(0.304542 0.189992 -0.025334)
(0.600032 0.199948 -0.025334)
(0.600033 0.194949 -0.025334)
(0.600032 0.209948 -0.025334)
(0.600032 0.204948 -0.025334)
(0.304548 0.209989 -0.025334)
(0.309557 0.209987 -0.025334)
(0.314566 0.209986 -0.025334)
(0.319574 0.209984 -0.025334)
(0.324583 0.209983 -0.025334)
(0.329592 0.209981 -0.025334)
(0.3346 0.209979 -0.025334)
(0.339609 0.209978 -0.025334)
(0.344618 0.209976 -0.025334)
(0.349626 0.209974 -0.025334)
(0.354635 0.209973 -0.025334)
(0.359643 0.209971 -0.025334)
(0.364652 0.209969 -0.025334)
(0.36966 0.209968 -0.025334)
(0.374668 0.209966 -0.025334)
(0.379677 0.209964 -0.025334)
(0.384685 0.209963 -0.025334)
(0.389694 0.209961 -0.025334)
(0.394702 0.20996 -0.025334)
(0.39971 0.209959 -0.025334)
(0.404718 0.209957 -0.025334)
(0.409727 0.209956 -0.025334)
(0.414735 0.209955 -0.025334)
(0.419743 0.209954 -0.025334)
(0.424751 0.209953 -0.025334)
(0.429759 0.209951 -0.025334)
(0.434768 0.209951 -0.025334)
(0.439776 0.20995 -0.025334)
(0.444784 0.209949 -0.025334)
(0.449792 0.209948 -0.025334)
(0.4548 0.209947 -0.025334)
(0.459808 0.209947 -0.025334)
(0.464816 0.209946 -0.025334)
(0.469824 0.209946 -0.025334)
(0.474833 0.209946 -0.025334)
(0.479841 0.209945 -0.025334)
(0.484849 0.209945 -0.025334)
(0.489857 0.209945 -0.025334)
(0.494865 0.209945 -0.025334)
(0.499873 0.209944 -0.025334)
(0.504881 0.209944 -0.025334)
(0.509889 0.209944 -0.025334)
(0.514897 0.209944 -0.025334)
(0.519905 0.209944 -0.025334)
(0.524913 0.209945 -0.025334)
(0.529921 0.209945 -0.025334)
(0.534929 0.209945 -0.025334)
(0.539937 0.209945 -0.025334)
(0.544945 0.209945 -0.025334)
(0.549953 0.209945 -0.025334)
(0.554961 0.209946 -0.025334)
(0.559969 0.209946 -0.025334)
(0.564977 0.209946 -0.025334)
(0.569985 0.209947 -0.025334)
(0.574992 0.209947 -0.025334)
(0.58 0.209947 -0.025334)
(0.585008 0.209947 -0.025334)
(0.590016 0.209948 -0.025334)
(0.595024 0.209948 -0.025334)
(0.248991 0.21 -0.025334)
(0.249991 0.209999 -0.025334)
(0.251063 0.209999 -0.025334)
(0.252214 0.209999 -0.025334)
(0.253447 0.209998 -0.025334)
(0.254771 0.209998 -0.025334)
(0.25619 0.209998 -0.025334)
(0.257712 0.209998 -0.025334)
(0.259345 0.209998 -0.025334)
(0.261096 0.209998 -0.025334)
(0.262974 0.209997 -0.025334)
(0.264988 0.209997 -0.025334)
(0.267148 0.209997 -0.025334)
(0.269465 0.209997 -0.025334)
(0.27195 0.209996 -0.025334)
(0.274615 0.209996 -0.025334)
(0.277473 0.209995 -0.025334)
(0.280538 0.209995 -0.025334)
(0.283826 0.209994 -0.025334)
(0.287352 0.209993 -0.025334)
(0.291134 0.209992 -0.025334)
(0.295189 0.209991 -0.025334)
(0.248991 0.19 -0.025334)
(0.295184 0.189994 -0.025334)
(0.291129 0.189996 -0.025334)
(0.287347 0.189996 -0.025334)
(0.283822 0.189997 -0.025334)
(0.280534 0.189998 -0.025334)
(0.277469 0.189999 -0.025334)
(0.274612 0.189999 -0.025334)
(0.271947 0.189999 -0.025334)
(0.269462 0.19 -0.025334)
(0.267146 0.19 -0.025334)
(0.264986 0.19 -0.025334)
(0.262972 0.190001 -0.025334)
(0.261094 0.190001 -0.025334)
(0.259343 0.190001 -0.025334)
(0.257711 0.190001 -0.025334)
(0.256189 0.190001 -0.025334)
(0.25477 0.190001 -0.025334)
(0.253447 0.190001 -0.025334)
(0.252213 0.190001 -0.025334)
(0.251063 0.190001 -0.025334)
(0.24999 0.190001 -0.025334)
(0.24899 0.195 -0.025334)
(0.24899 0.2 -0.025334)
(0.24899 0.205 -0.025334)
(0.24999 0.195 -0.025334)
(0.251062 0.195 -0.025334)
(0.252213 0.195 -0.025334)
(0.253447 0.195 -0.025334)
(0.25477 0.195 -0.025334)
(0.256189 0.195 -0.025334)
(0.257711 0.195 -0.025334)
(0.259344 0.195 -0.025334)
(0.261095 0.195 -0.025334)
(0.262972 0.195 -0.025334)
(0.264986 0.195 -0.025334)
(0.267146 0.194999 -0.025334)
(0.269463 0.194999 -0.025334)
(0.271948 0.194999 -0.025334)
(0.274612 0.194998 -0.025334)
(0.27747 0.194998 -0.025334)
(0.280535 0.194997 -0.025334)
(0.283823 0.194997 -0.025334)
(0.287349 0.194996 -0.025334)
(0.29113 0.194995 -0.025334)
(0.295185 0.194994 -0.025334)
(0.299535 0.194993 -0.025334)
(0.304544 0.194991 -0.025334)
(0.309552 0.19499 -0.025334)
(0.314561 0.194988 -0.025334)
(0.319569 0.194986 -0.025334)
(0.324578 0.194985 -0.025334)
(0.329587 0.194983 -0.025334)
(0.334595 0.194981 -0.025334)
(0.339604 0.19498 -0.025334)
(0.344612 0.194978 -0.025334)
(0.349621 0.194976 -0.025334)
(0.354629 0.194974 -0.025334)
(0.359638 0.194973 -0.025334)
(0.364647 0.194971 -0.025334)
(0.369655 0.194969 -0.025334)
(0.374664 0.194968 -0.025334)
(0.379672 0.194966 -0.025334)
(0.384681 0.194965 -0.025334)
(0.389689 0.194963 -0.025334)
(0.394698 0.194962 -0.025334)
(0.399706 0.19496 -0.025334)
(0.404714 0.194959 -0.025334)
(0.409723 0.194957 -0.025334)
(0.414731 0.194956 -0.025334)
(0.41974 0.194955 -0.025334)
(0.424748 0.194954 -0.025334)
(0.429756 0.194953 -0.025334)
(0.434765 0.194952 -0.025334)
(0.439773 0.194951 -0.025334)
(0.444782 0.19495 -0.025334)
(0.44979 0.194949 -0.025334)
(0.454798 0.194949 -0.025334)
(0.459806 0.194948 -0.025334)
(0.464815 0.194948 -0.025334)
(0.469823 0.194947 -0.025334)
(0.474831 0.194947 -0.025334)
(0.47984 0.194946 -0.025334)
(0.484848 0.194946 -0.025334)
(0.489856 0.194946 -0.025334)
(0.494864 0.194946 -0.025334)
(0.499872 0.194945 -0.025334)
(0.50488 0.194945 -0.025334)
(0.509889 0.194945 -0.025334)
(0.514897 0.194945 -0.025334)
(0.519905 0.194945 -0.025334)
(0.524913 0.194945 -0.025334)
(0.529921 0.194945 -0.025334)
(0.534929 0.194946 -0.025334)
(0.539937 0.194946 -0.025334)
(0.544945 0.194946 -0.025334)
(0.549953 0.194946 -0.025334)
(0.554961 0.194946 -0.025334)
(0.559969 0.194947 -0.025334)
(0.564977 0.194947 -0.025334)
(0.569985 0.194947 -0.025334)
(0.574993 0.194947 -0.025334)
(0.580001 0.194948 -0.025334)
(0.585009 0.194948 -0.025334)
(0.590017 0.194948 -0.025334)
(0.595025 0.194948 -0.025334)
(0.24999 0.2 -0.025334)
(0.251062 0.2 -0.025334)
(0.252213 0.2 -0.025334)
(0.253447 0.2 -0.025334)
(0.25477 0.2 -0.025334)
(0.256189 0.2 -0.025334)
(0.257712 0.2 -0.025334)
(0.259344 0.2 -0.025334)
(0.261095 0.199999 -0.025334)
(0.262973 0.199999 -0.025334)
(0.264987 0.199999 -0.025334)
(0.267147 0.199999 -0.025334)
(0.269464 0.199998 -0.025334)
(0.271948 0.199998 -0.025334)
(0.274613 0.199998 -0.025334)
(0.277471 0.199997 -0.025334)
(0.280536 0.199996 -0.025334)
(0.283824 0.199996 -0.025334)
(0.28735 0.199995 -0.025334)
(0.291131 0.199994 -0.025334)
(0.295187 0.199993 -0.025334)
(0.299536 0.199992 -0.025334)
(0.304545 0.19999 -0.025334)
(0.309554 0.199989 -0.025334)
(0.314562 0.199987 -0.025334)
(0.319571 0.199986 -0.025334)
(0.32458 0.199984 -0.025334)
(0.329588 0.199982 -0.025334)
(0.334597 0.199981 -0.025334)
(0.339605 0.199979 -0.025334)
(0.344614 0.199977 -0.025334)
(0.349623 0.199976 -0.025334)
(0.354631 0.199974 -0.025334)
(0.35964 0.199972 -0.025334)
(0.364648 0.19997 -0.025334)
(0.369657 0.199969 -0.025334)
(0.374665 0.199967 -0.025334)
(0.379674 0.199966 -0.025334)
(0.384682 0.199964 -0.025334)
(0.38969 0.199962 -0.025334)
(0.394699 0.199961 -0.025334)
(0.399707 0.19996 -0.025334)
(0.404716 0.199958 -0.025334)
(0.409724 0.199957 -0.025334)
(0.414732 0.199956 -0.025334)
(0.419741 0.199954 -0.025334)
(0.424749 0.199953 -0.025334)
(0.429757 0.199952 -0.025334)
(0.434766 0.199951 -0.025334)
(0.439774 0.199951 -0.025334)
(0.444782 0.19995 -0.025334)
(0.449791 0.199949 -0.025334)
(0.454799 0.199948 -0.025334)
(0.459807 0.199948 -0.025334)
(0.464815 0.199947 -0.025334)
(0.469823 0.199947 -0.025334)
(0.474832 0.199946 -0.025334)
(0.47984 0.199946 -0.025334)
(0.484848 0.199946 -0.025334)
(0.489856 0.199945 -0.025334)
(0.494864 0.199945 -0.025334)
(0.499872 0.199945 -0.025334)
(0.504881 0.199945 -0.025334)
(0.509889 0.199945 -0.025334)
(0.514897 0.199945 -0.025334)
(0.519905 0.199945 -0.025334)
(0.524913 0.199945 -0.025334)
(0.529921 0.199945 -0.025334)
(0.534929 0.199945 -0.025334)
(0.539937 0.199946 -0.025334)
(0.544945 0.199946 -0.025334)
(0.549953 0.199946 -0.025334)
(0.554961 0.199946 -0.025334)
(0.559969 0.199946 -0.025334)
(0.564977 0.199947 -0.025334)
(0.569985 0.199947 -0.025334)
(0.574993 0.199947 -0.025334)
(0.580001 0.199947 -0.025334)
(0.585009 0.199948 -0.025334)
(0.590016 0.199948 -0.025334)
(0.595024 0.199948 -0.025334)
(0.24999 0.205 -0.025334)
(0.251063 0.205 -0.025334)
(0.252213 0.204999 -0.025334)
(0.253447 0.204999 -0.025334)
(0.25477 0.204999 -0.025334)
(0.25619 0.204999 -0.025334)
(0.257712 0.204999 -0.025334)
(0.259344 0.204999 -0.025334)
(0.261095 0.204999 -0.025334)
(0.262973 0.204998 -0.025334)
(0.264987 0.204998 -0.025334)
(0.267148 0.204998 -0.025334)
(0.269464 0.204997 -0.025334)
(0.271949 0.204997 -0.025334)
(0.274614 0.204997 -0.025334)
(0.277472 0.204996 -0.025334)
(0.280537 0.204996 -0.025334)
(0.283825 0.204995 -0.025334)
(0.287351 0.204994 -0.025334)
(0.291132 0.204993 -0.025334)
(0.295188 0.204992 -0.025334)
(0.299538 0.204991 -0.025334)
(0.304546 0.20499 -0.025334)
(0.309555 0.204988 -0.025334)
(0.314564 0.204987 -0.025334)
(0.319573 0.204985 -0.025334)
(0.324581 0.204983 -0.025334)
(0.32959 0.204982 -0.025334)
(0.334599 0.20498 -0.025334)
(0.339607 0.204978 -0.025334)
(0.344616 0.204977 -0.025334)
(0.349624 0.204975 -0.025334)
(0.354633 0.204973 -0.025334)
(0.359641 0.204971 -0.025334)
(0.36465 0.20497 -0.025334)
(0.369658 0.204968 -0.025334)
(0.374667 0.204967 -0.025334)
(0.379675 0.204965 -0.025334)
(0.384684 0.204963 -0.025334)
(0.389692 0.204962 -0.025334)
(0.3947 0.20496 -0.025334)
(0.399709 0.204959 -0.025334)
(0.404717 0.204958 -0.025334)
(0.409725 0.204956 -0.025334)
(0.414734 0.204955 -0.025334)
(0.419742 0.204954 -0.025334)
(0.42475 0.204953 -0.025334)
(0.429758 0.204952 -0.025334)
(0.434767 0.204951 -0.025334)
(0.439775 0.20495 -0.025334)
(0.444783 0.204949 -0.025334)
(0.449791 0.204949 -0.025334)
(0.454799 0.204948 -0.025334)
(0.459808 0.204947 -0.025334)
(0.464816 0.204947 -0.025334)
(0.469824 0.204946 -0.025334)
(0.474832 0.204946 -0.025334)
(0.47984 0.204946 -0.025334)
(0.484848 0.204945 -0.025334)
(0.489856 0.204945 -0.025334)
(0.494864 0.204945 -0.025334)
(0.499873 0.204945 -0.025334)
(0.504881 0.204945 -0.025334)
(0.509889 0.204945 -0.025334)
(0.514897 0.204945 -0.025334)
(0.519905 0.204945 -0.025334)
(0.524913 0.204945 -0.025334)
(0.529921 0.204945 -0.025334)
(0.534929 0.204945 -0.025334)
(0.539937 0.204945 -0.025334)
(0.544945 0.204945 -0.025334)
(0.549953 0.204946 -0.025334)
(0.554961 0.204946 -0.025334)
(0.559969 0.204946 -0.025334)
(0.564977 0.204946 -0.025334)
(0.569985 0.204947 -0.025334)
(0.574993 0.204947 -0.025334)
(0.580001 0.204947 -0.025334)
(0.585008 0.204948 -0.025334)
(0.590016 0.204948 -0.025334)
(0.595024 0.204948 -0.025334)
)


// ************************************************************************* //
