/*--------------------------------*- C++ -*----------------------------------*\
| =========                 |                                                 |
| \\      /  F ield         | OpenFOAM Extend Project: Open source CFD        |
|  \\    /   O peration     | Version:  1.6-ext                               |
|   \\  /    A nd           | Web:      www.extend-project.de                 |
|    \\/     M anipulation  |                                                 |
\*---------------------------------------------------------------------------*/
FoamFile
{
    version     2.0;
    format      ascii;
    class       vectorField;
    location    "0.95/polyMesh";
    object      points;
}
// * * * * * * * * * * * * * * * * * * * * * * * * * * * * * * * * * * * * * //


830
(
(0.299506 0.210058 0.025334)
(0.299548 0.190057 0.025334)
(0.600052 0.191419 0.025334)
(0.595044 0.191393 0.025334)
(0.590037 0.191367 0.025334)
(0.585029 0.191341 0.025334)
(0.580021 0.191315 0.025334)
(0.575013 0.191289 0.025334)
(0.570005 0.191263 0.025334)
(0.564997 0.191237 0.025334)
(0.559989 0.191211 0.025334)
(0.554982 0.191185 0.025334)
(0.549974 0.191159 0.025334)
(0.544966 0.191133 0.025334)
(0.539958 0.191107 0.025334)
(0.53495 0.191081 0.025334)
(0.529942 0.191055 0.025334)
(0.524934 0.191029 0.025334)
(0.519926 0.191003 0.025334)
(0.514918 0.190977 0.025334)
(0.50991 0.190951 0.025334)
(0.504902 0.190925 0.025334)
(0.499894 0.190899 0.025334)
(0.494886 0.190874 0.025334)
(0.489878 0.190848 0.025334)
(0.48487 0.190822 0.025334)
(0.479862 0.190797 0.025334)
(0.474854 0.190771 0.025334)
(0.469846 0.190746 0.025334)
(0.464837 0.19072 0.025334)
(0.459829 0.190695 0.025334)
(0.454821 0.19067 0.025334)
(0.449813 0.190645 0.025334)
(0.444805 0.19062 0.025334)
(0.439796 0.190596 0.025334)
(0.434788 0.190571 0.025334)
(0.42978 0.190547 0.025334)
(0.424771 0.190523 0.025334)
(0.419763 0.190499 0.025334)
(0.414755 0.190476 0.025334)
(0.409746 0.190452 0.025334)
(0.404738 0.190429 0.025334)
(0.399729 0.190407 0.025334)
(0.394721 0.190384 0.025334)
(0.389712 0.190362 0.025334)
(0.384703 0.190341 0.025334)
(0.379695 0.190319 0.025334)
(0.374686 0.190299 0.025334)
(0.369677 0.190278 0.025334)
(0.364668 0.190259 0.025334)
(0.359659 0.190239 0.025334)
(0.35465 0.190221 0.025334)
(0.349641 0.190202 0.025334)
(0.344632 0.190185 0.025334)
(0.339623 0.190168 0.025334)
(0.334614 0.190151 0.025334)
(0.329605 0.190136 0.025334)
(0.324595 0.190121 0.025334)
(0.319586 0.190107 0.025334)
(0.314577 0.190093 0.025334)
(0.309567 0.19008 0.025334)
(0.304558 0.190069 0.025334)
(0.6 0.201419 0.025334)
(0.600026 0.196419 0.025334)
(0.599948 0.211419 0.025334)
(0.599974 0.206419 0.025334)
(0.304512 0.210069 0.025334)
(0.309519 0.210081 0.025334)
(0.314525 0.210093 0.025334)
(0.319531 0.210107 0.025334)
(0.324538 0.210121 0.025334)
(0.329544 0.210136 0.025334)
(0.33455 0.210152 0.025334)
(0.339557 0.210168 0.025334)
(0.344563 0.210185 0.025334)
(0.34957 0.210202 0.025334)
(0.354577 0.210221 0.025334)
(0.359584 0.210239 0.025334)
(0.36459 0.210259 0.025334)
(0.369597 0.210278 0.025334)
(0.374604 0.210299 0.025334)
(0.379611 0.210319 0.025334)
(0.384618 0.210341 0.025334)
(0.389625 0.210362 0.025334)
(0.394632 0.210384 0.025334)
(0.39964 0.210406 0.025334)
(0.404647 0.210429 0.025334)
(0.409654 0.210452 0.025334)
(0.414661 0.210475 0.025334)
(0.419669 0.210499 0.025334)
(0.424676 0.210523 0.025334)
(0.429684 0.210547 0.025334)
(0.434691 0.210571 0.025334)
(0.439699 0.210595 0.025334)
(0.444706 0.21062 0.025334)
(0.449714 0.210645 0.025334)
(0.454721 0.21067 0.025334)
(0.459729 0.210695 0.025334)
(0.464737 0.21072 0.025334)
(0.469744 0.210745 0.025334)
(0.474752 0.210771 0.025334)
(0.47976 0.210796 0.025334)
(0.484768 0.210822 0.025334)
(0.489775 0.210847 0.025334)
(0.494783 0.210873 0.025334)
(0.499791 0.210899 0.025334)
(0.504799 0.210925 0.025334)
(0.509807 0.210951 0.025334)
(0.514815 0.210976 0.025334)
(0.519822 0.211002 0.025334)
(0.52483 0.211028 0.025334)
(0.529838 0.211054 0.025334)
(0.534846 0.21108 0.025334)
(0.539854 0.211106 0.025334)
(0.544862 0.211132 0.025334)
(0.54987 0.211158 0.025334)
(0.554878 0.211184 0.025334)
(0.559885 0.21121 0.025334)
(0.564893 0.211237 0.025334)
(0.569901 0.211263 0.025334)
(0.574909 0.211289 0.025334)
(0.579917 0.211315 0.025334)
(0.584925 0.211341 0.025334)
(0.589933 0.211367 0.025334)
(0.59494 0.211393 0.025334)
(0.248989 0.210001 0.025334)
(0.249989 0.210001 0.025334)
(0.251061 0.210001 0.025334)
(0.252211 0.210002 0.025334)
(0.253444 0.210002 0.025334)
(0.254767 0.210002 0.025334)
(0.256185 0.210003 0.025334)
(0.257706 0.210003 0.025334)
(0.259338 0.210004 0.025334)
(0.261088 0.210005 0.025334)
(0.262964 0.210006 0.025334)
(0.264977 0.210008 0.025334)
(0.267136 0.210009 0.025334)
(0.269451 0.210011 0.025334)
(0.271934 0.210014 0.025334)
(0.274597 0.210017 0.025334)
(0.277454 0.21002 0.025334)
(0.280517 0.210024 0.025334)
(0.283803 0.210029 0.025334)
(0.287326 0.210035 0.025334)
(0.291106 0.210041 0.025334)
(0.295159 0.210049 0.025334)
(0.24899 0.19 0.025334)
(0.295198 0.190049 0.025334)
(0.291141 0.190041 0.025334)
(0.287359 0.190034 0.025334)
(0.283833 0.190029 0.025334)
(0.280544 0.190024 0.025334)
(0.277479 0.19002 0.025334)
(0.27462 0.190016 0.025334)
(0.271955 0.190013 0.025334)
(0.269469 0.190011 0.025334)
(0.267152 0.190009 0.025334)
(0.264991 0.190007 0.025334)
(0.262977 0.190006 0.025334)
(0.261099 0.190005 0.025334)
(0.259347 0.190004 0.025334)
(0.257714 0.190003 0.025334)
(0.256192 0.190002 0.025334)
(0.254772 0.190002 0.025334)
(0.253448 0.190002 0.025334)
(0.252214 0.190001 0.025334)
(0.251063 0.190001 0.025334)
(0.249991 0.190001 0.025334)
(0.24899 0.195 0.025334)
(0.24899 0.2 0.025334)
(0.24899 0.205 0.025334)
(0.24999 0.195 0.025334)
(0.251063 0.195 0.025334)
(0.252213 0.195 0.025334)
(0.253447 0.195001 0.025334)
(0.254771 0.195001 0.025334)
(0.25619 0.195001 0.025334)
(0.257712 0.195002 0.025334)
(0.259345 0.195003 0.025334)
(0.261096 0.195004 0.025334)
(0.262974 0.195005 0.025334)
(0.264988 0.195006 0.025334)
(0.267148 0.195008 0.025334)
(0.269465 0.19501 0.025334)
(0.271949 0.195013 0.025334)
(0.274614 0.195016 0.025334)
(0.277472 0.195019 0.025334)
(0.280538 0.195023 0.025334)
(0.283825 0.195028 0.025334)
(0.287351 0.195034 0.025334)
(0.291132 0.19504 0.025334)
(0.295188 0.195048 0.025334)
(0.299538 0.195057 0.025334)
(0.304546 0.195068 0.025334)
(0.309555 0.19508 0.025334)
(0.314564 0.195092 0.025334)
(0.319572 0.195106 0.025334)
(0.324581 0.19512 0.025334)
(0.329589 0.195135 0.025334)
(0.334598 0.195151 0.025334)
(0.339606 0.195167 0.025334)
(0.344615 0.195184 0.025334)
(0.349623 0.195202 0.025334)
(0.354632 0.19522 0.025334)
(0.35964 0.195239 0.025334)
(0.364649 0.195258 0.025334)
(0.369657 0.195278 0.025334)
(0.374665 0.195298 0.025334)
(0.379674 0.195319 0.025334)
(0.384682 0.19534 0.025334)
(0.38969 0.195362 0.025334)
(0.394698 0.195384 0.025334)
(0.399707 0.195406 0.025334)
(0.404715 0.195429 0.025334)
(0.409723 0.195452 0.025334)
(0.414731 0.195475 0.025334)
(0.419739 0.195499 0.025334)
(0.424748 0.195523 0.025334)
(0.429756 0.195547 0.025334)
(0.434764 0.195571 0.025334)
(0.439772 0.195595 0.025334)
(0.44478 0.19562 0.025334)
(0.449788 0.195645 0.025334)
(0.454796 0.19567 0.025334)
(0.459804 0.195695 0.025334)
(0.464812 0.19572 0.025334)
(0.46982 0.195745 0.025334)
(0.474828 0.195771 0.025334)
(0.479836 0.195796 0.025334)
(0.484844 0.195822 0.025334)
(0.489852 0.195848 0.025334)
(0.49486 0.195873 0.025334)
(0.499868 0.195899 0.025334)
(0.504876 0.195925 0.025334)
(0.509884 0.195951 0.025334)
(0.514892 0.195977 0.025334)
(0.5199 0.196003 0.025334)
(0.524908 0.196029 0.025334)
(0.529916 0.196055 0.025334)
(0.534924 0.196081 0.025334)
(0.539932 0.196107 0.025334)
(0.54494 0.196133 0.025334)
(0.549948 0.196159 0.025334)
(0.554956 0.196185 0.025334)
(0.559963 0.196211 0.025334)
(0.564971 0.196237 0.025334)
(0.569979 0.196263 0.025334)
(0.574987 0.196289 0.025334)
(0.579995 0.196315 0.025334)
(0.585003 0.196341 0.025334)
(0.590011 0.196367 0.025334)
(0.595018 0.196393 0.025334)
(0.24999 0.2 0.025334)
(0.251062 0.2 0.025334)
(0.252213 0.2 0.025334)
(0.253446 0.2 0.025334)
(0.254769 0.200001 0.025334)
(0.256188 0.200001 0.025334)
(0.25771 0.200002 0.025334)
(0.259342 0.200002 0.025334)
(0.261093 0.200003 0.025334)
(0.262971 0.200005 0.025334)
(0.264984 0.200006 0.025334)
(0.267144 0.200008 0.025334)
(0.26946 0.20001 0.025334)
(0.271944 0.200012 0.025334)
(0.274609 0.200015 0.025334)
(0.277466 0.200019 0.025334)
(0.280531 0.200023 0.025334)
(0.283818 0.200028 0.025334)
(0.287343 0.200033 0.025334)
(0.291124 0.20004 0.025334)
(0.295178 0.200048 0.025334)
(0.299527 0.200057 0.025334)
(0.304535 0.200068 0.025334)
(0.309543 0.200079 0.025334)
(0.314551 0.200092 0.025334)
(0.319559 0.200106 0.025334)
(0.324566 0.20012 0.025334)
(0.329574 0.200135 0.025334)
(0.334582 0.200151 0.025334)
(0.33959 0.200167 0.025334)
(0.344598 0.200184 0.025334)
(0.349606 0.200202 0.025334)
(0.354614 0.20022 0.025334)
(0.359621 0.200239 0.025334)
(0.364629 0.200258 0.025334)
(0.369637 0.200278 0.025334)
(0.374645 0.200298 0.025334)
(0.379653 0.200319 0.025334)
(0.384661 0.20034 0.025334)
(0.389669 0.200362 0.025334)
(0.394677 0.200384 0.025334)
(0.399684 0.200406 0.025334)
(0.404692 0.200429 0.025334)
(0.4097 0.200452 0.025334)
(0.414708 0.200475 0.025334)
(0.419716 0.200499 0.025334)
(0.424724 0.200522 0.025334)
(0.429732 0.200546 0.025334)
(0.43474 0.200571 0.025334)
(0.439748 0.200595 0.025334)
(0.444755 0.20062 0.025334)
(0.449763 0.200645 0.025334)
(0.454771 0.20067 0.025334)
(0.459779 0.200695 0.025334)
(0.464787 0.20072 0.025334)
(0.469795 0.200745 0.025334)
(0.474803 0.200771 0.025334)
(0.479811 0.200796 0.025334)
(0.484819 0.200822 0.025334)
(0.489827 0.200848 0.025334)
(0.494835 0.200873 0.025334)
(0.499843 0.200899 0.025334)
(0.50485 0.200925 0.025334)
(0.509858 0.200951 0.025334)
(0.514866 0.200977 0.025334)
(0.519874 0.201003 0.025334)
(0.524882 0.201029 0.025334)
(0.52989 0.201055 0.025334)
(0.534898 0.201081 0.025334)
(0.539906 0.201107 0.025334)
(0.544914 0.201133 0.025334)
(0.549922 0.201159 0.025334)
(0.55493 0.201185 0.025334)
(0.559937 0.201211 0.025334)
(0.564945 0.201237 0.025334)
(0.569953 0.201263 0.025334)
(0.574961 0.201289 0.025334)
(0.579969 0.201315 0.025334)
(0.584977 0.201341 0.025334)
(0.589985 0.201367 0.025334)
(0.594992 0.201393 0.025334)
(0.24999 0.205 0.025334)
(0.251062 0.205 0.025334)
(0.252212 0.205001 0.025334)
(0.253445 0.205001 0.025334)
(0.254768 0.205001 0.025334)
(0.256187 0.205002 0.025334)
(0.257708 0.205002 0.025334)
(0.25934 0.205003 0.025334)
(0.26109 0.205004 0.025334)
(0.262967 0.205005 0.025334)
(0.264981 0.205007 0.025334)
(0.26714 0.205008 0.025334)
(0.269456 0.20501 0.025334)
(0.271939 0.205013 0.025334)
(0.274603 0.205016 0.025334)
(0.27746 0.205019 0.025334)
(0.280524 0.205023 0.025334)
(0.28381 0.205028 0.025334)
(0.287335 0.205034 0.025334)
(0.291115 0.20504 0.025334)
(0.295169 0.205048 0.025334)
(0.299517 0.205057 0.025334)
(0.304524 0.205068 0.025334)
(0.309531 0.20508 0.025334)
(0.314538 0.205093 0.025334)
(0.319545 0.205106 0.025334)
(0.324552 0.20512 0.025334)
(0.329559 0.205135 0.025334)
(0.334566 0.205151 0.025334)
(0.339573 0.205167 0.025334)
(0.344581 0.205184 0.025334)
(0.349588 0.205202 0.025334)
(0.354595 0.20522 0.025334)
(0.359603 0.205239 0.025334)
(0.36461 0.205258 0.025334)
(0.369617 0.205278 0.025334)
(0.374625 0.205298 0.025334)
(0.379632 0.205319 0.025334)
(0.38464 0.20534 0.025334)
(0.389647 0.205362 0.025334)
(0.394655 0.205384 0.025334)
(0.399662 0.205406 0.025334)
(0.40467 0.205429 0.025334)
(0.409677 0.205452 0.025334)
(0.414685 0.205475 0.025334)
(0.419692 0.205499 0.025334)
(0.4247 0.205522 0.025334)
(0.429708 0.205546 0.025334)
(0.434715 0.205571 0.025334)
(0.439723 0.205595 0.025334)
(0.444731 0.20562 0.025334)
(0.449739 0.205645 0.025334)
(0.454746 0.20567 0.025334)
(0.459754 0.205695 0.025334)
(0.464762 0.20572 0.025334)
(0.46977 0.205745 0.025334)
(0.474778 0.205771 0.025334)
(0.479785 0.205796 0.025334)
(0.484793 0.205822 0.025334)
(0.489801 0.205847 0.025334)
(0.494809 0.205873 0.025334)
(0.499817 0.205899 0.025334)
(0.504825 0.205925 0.025334)
(0.509833 0.205951 0.025334)
(0.51484 0.205977 0.025334)
(0.519848 0.206002 0.025334)
(0.524856 0.206028 0.025334)
(0.529864 0.206054 0.025334)
(0.534872 0.20608 0.025334)
(0.53988 0.206106 0.025334)
(0.544888 0.206132 0.025334)
(0.549896 0.206158 0.025334)
(0.554904 0.206185 0.025334)
(0.559911 0.206211 0.025334)
(0.564919 0.206237 0.025334)
(0.569927 0.206263 0.025334)
(0.574935 0.206289 0.025334)
(0.579943 0.206315 0.025334)
(0.584951 0.206341 0.025334)
(0.589959 0.206367 0.025334)
(0.594966 0.206393 0.025334)
(0.299506 0.210058 -0.025334)
(0.299548 0.190057 -0.025334)
(0.600052 0.191419 -0.025334)
(0.595044 0.191393 -0.025334)
(0.590037 0.191367 -0.025334)
(0.585029 0.191341 -0.025334)
(0.580021 0.191315 -0.025334)
(0.575013 0.191289 -0.025334)
(0.570005 0.191263 -0.025334)
(0.564997 0.191237 -0.025334)
(0.559989 0.191211 -0.025334)
(0.554982 0.191185 -0.025334)
(0.549974 0.191159 -0.025334)
(0.544966 0.191133 -0.025334)
(0.539958 0.191107 -0.025334)
(0.53495 0.191081 -0.025334)
(0.529942 0.191055 -0.025334)
(0.524934 0.191029 -0.025334)
(0.519926 0.191003 -0.025334)
(0.514918 0.190977 -0.025334)
(0.50991 0.190951 -0.025334)
(0.504902 0.190925 -0.025334)
(0.499894 0.190899 -0.025334)
(0.494886 0.190874 -0.025334)
(0.489878 0.190848 -0.025334)
(0.48487 0.190822 -0.025334)
(0.479862 0.190797 -0.025334)
(0.474854 0.190771 -0.025334)
(0.469846 0.190746 -0.025334)
(0.464837 0.19072 -0.025334)
(0.459829 0.190695 -0.025334)
(0.454821 0.19067 -0.025334)
(0.449813 0.190645 -0.025334)
(0.444805 0.19062 -0.025334)
(0.439796 0.190596 -0.025334)
(0.434788 0.190571 -0.025334)
(0.42978 0.190547 -0.025334)
(0.424771 0.190523 -0.025334)
(0.419763 0.190499 -0.025334)
(0.414755 0.190476 -0.025334)
(0.409746 0.190452 -0.025334)
(0.404738 0.190429 -0.025334)
(0.399729 0.190407 -0.025334)
(0.394721 0.190384 -0.025334)
(0.389712 0.190362 -0.025334)
(0.384703 0.190341 -0.025334)
(0.379695 0.190319 -0.025334)
(0.374686 0.190299 -0.025334)
(0.369677 0.190278 -0.025334)
(0.364668 0.190259 -0.025334)
(0.359659 0.190239 -0.025334)
(0.35465 0.190221 -0.025334)
(0.349641 0.190202 -0.025334)
(0.344632 0.190185 -0.025334)
(0.339623 0.190168 -0.025334)
(0.334614 0.190151 -0.025334)
(0.329605 0.190136 -0.025334)
(0.324595 0.190121 -0.025334)
(0.319586 0.190107 -0.025334)
(0.314577 0.190093 -0.025334)
(0.309567 0.19008 -0.025334)
(0.304558 0.190069 -0.025334)
(0.6 0.201419 -0.025334)
(0.600026 0.196419 -0.025334)
(0.599948 0.211419 -0.025334)
(0.599974 0.206419 -0.025334)
(0.304512 0.210069 -0.025334)
(0.309519 0.210081 -0.025334)
(0.314525 0.210093 -0.025334)
(0.319531 0.210107 -0.025334)
(0.324538 0.210121 -0.025334)
(0.329544 0.210136 -0.025334)
(0.33455 0.210152 -0.025334)
(0.339557 0.210168 -0.025334)
(0.344563 0.210185 -0.025334)
(0.34957 0.210202 -0.025334)
(0.354577 0.210221 -0.025334)
(0.359584 0.210239 -0.025334)
(0.36459 0.210259 -0.025334)
(0.369597 0.210278 -0.025334)
(0.374604 0.210299 -0.025334)
(0.379611 0.210319 -0.025334)
(0.384618 0.210341 -0.025334)
(0.389625 0.210362 -0.025334)
(0.394632 0.210384 -0.025334)
(0.39964 0.210406 -0.025334)
(0.404647 0.210429 -0.025334)
(0.409654 0.210452 -0.025334)
(0.414661 0.210475 -0.025334)
(0.419669 0.210499 -0.025334)
(0.424676 0.210523 -0.025334)
(0.429684 0.210547 -0.025334)
(0.434691 0.210571 -0.025334)
(0.439699 0.210595 -0.025334)
(0.444706 0.21062 -0.025334)
(0.449714 0.210645 -0.025334)
(0.454721 0.21067 -0.025334)
(0.459729 0.210695 -0.025334)
(0.464737 0.21072 -0.025334)
(0.469744 0.210745 -0.025334)
(0.474752 0.210771 -0.025334)
(0.47976 0.210796 -0.025334)
(0.484768 0.210822 -0.025334)
(0.489775 0.210847 -0.025334)
(0.494783 0.210873 -0.025334)
(0.499791 0.210899 -0.025334)
(0.504799 0.210925 -0.025334)
(0.509807 0.210951 -0.025334)
(0.514815 0.210976 -0.025334)
(0.519822 0.211002 -0.025334)
(0.52483 0.211028 -0.025334)
(0.529838 0.211054 -0.025334)
(0.534846 0.21108 -0.025334)
(0.539854 0.211106 -0.025334)
(0.544862 0.211132 -0.025334)
(0.54987 0.211158 -0.025334)
(0.554878 0.211184 -0.025334)
(0.559885 0.21121 -0.025334)
(0.564893 0.211237 -0.025334)
(0.569901 0.211263 -0.025334)
(0.574909 0.211289 -0.025334)
(0.579917 0.211315 -0.025334)
(0.584925 0.211341 -0.025334)
(0.589933 0.211367 -0.025334)
(0.59494 0.211393 -0.025334)
(0.248989 0.210001 -0.025334)
(0.249989 0.210001 -0.025334)
(0.251061 0.210001 -0.025334)
(0.252211 0.210002 -0.025334)
(0.253444 0.210002 -0.025334)
(0.254767 0.210002 -0.025334)
(0.256185 0.210003 -0.025334)
(0.257706 0.210003 -0.025334)
(0.259338 0.210004 -0.025334)
(0.261088 0.210005 -0.025334)
(0.262964 0.210006 -0.025334)
(0.264977 0.210008 -0.025334)
(0.267136 0.210009 -0.025334)
(0.269451 0.210011 -0.025334)
(0.271934 0.210014 -0.025334)
(0.274597 0.210017 -0.025334)
(0.277454 0.21002 -0.025334)
(0.280517 0.210024 -0.025334)
(0.283803 0.210029 -0.025334)
(0.287326 0.210035 -0.025334)
(0.291106 0.210041 -0.025334)
(0.295159 0.210049 -0.025334)
(0.24899 0.19 -0.025334)
(0.295198 0.190049 -0.025334)
(0.291141 0.190041 -0.025334)
(0.287359 0.190034 -0.025334)
(0.283833 0.190029 -0.025334)
(0.280544 0.190024 -0.025334)
(0.277479 0.19002 -0.025334)
(0.27462 0.190016 -0.025334)
(0.271955 0.190013 -0.025334)
(0.269469 0.190011 -0.025334)
(0.267152 0.190009 -0.025334)
(0.264991 0.190007 -0.025334)
(0.262977 0.190006 -0.025334)
(0.261099 0.190005 -0.025334)
(0.259347 0.190004 -0.025334)
(0.257714 0.190003 -0.025334)
(0.256192 0.190002 -0.025334)
(0.254772 0.190002 -0.025334)
(0.253448 0.190002 -0.025334)
(0.252214 0.190001 -0.025334)
(0.251063 0.190001 -0.025334)
(0.249991 0.190001 -0.025334)
(0.24899 0.195 -0.025334)
(0.24899 0.2 -0.025334)
(0.24899 0.205 -0.025334)
(0.24999 0.195 -0.025334)
(0.251063 0.195 -0.025334)
(0.252213 0.195 -0.025334)
(0.253447 0.195001 -0.025334)
(0.254771 0.195001 -0.025334)
(0.25619 0.195001 -0.025334)
(0.257712 0.195002 -0.025334)
(0.259345 0.195003 -0.025334)
(0.261096 0.195004 -0.025334)
(0.262974 0.195005 -0.025334)
(0.264988 0.195006 -0.025334)
(0.267148 0.195008 -0.025334)
(0.269465 0.19501 -0.025334)
(0.271949 0.195013 -0.025334)
(0.274614 0.195016 -0.025334)
(0.277472 0.195019 -0.025334)
(0.280538 0.195023 -0.025334)
(0.283825 0.195028 -0.025334)
(0.287351 0.195034 -0.025334)
(0.291132 0.19504 -0.025334)
(0.295188 0.195048 -0.025334)
(0.299538 0.195057 -0.025334)
(0.304546 0.195068 -0.025334)
(0.309555 0.19508 -0.025334)
(0.314564 0.195092 -0.025334)
(0.319572 0.195106 -0.025334)
(0.324581 0.19512 -0.025334)
(0.329589 0.195135 -0.025334)
(0.334598 0.195151 -0.025334)
(0.339606 0.195167 -0.025334)
(0.344615 0.195184 -0.025334)
(0.349623 0.195202 -0.025334)
(0.354632 0.19522 -0.025334)
(0.35964 0.195239 -0.025334)
(0.364649 0.195258 -0.025334)
(0.369657 0.195278 -0.025334)
(0.374665 0.195298 -0.025334)
(0.379674 0.195319 -0.025334)
(0.384682 0.19534 -0.025334)
(0.38969 0.195362 -0.025334)
(0.394698 0.195384 -0.025334)
(0.399707 0.195406 -0.025334)
(0.404715 0.195429 -0.025334)
(0.409723 0.195452 -0.025334)
(0.414731 0.195475 -0.025334)
(0.419739 0.195499 -0.025334)
(0.424748 0.195523 -0.025334)
(0.429756 0.195547 -0.025334)
(0.434764 0.195571 -0.025334)
(0.439772 0.195595 -0.025334)
(0.44478 0.19562 -0.025334)
(0.449788 0.195645 -0.025334)
(0.454796 0.19567 -0.025334)
(0.459804 0.195695 -0.025334)
(0.464812 0.19572 -0.025334)
(0.46982 0.195745 -0.025334)
(0.474828 0.195771 -0.025334)
(0.479836 0.195796 -0.025334)
(0.484844 0.195822 -0.025334)
(0.489852 0.195848 -0.025334)
(0.49486 0.195873 -0.025334)
(0.499868 0.195899 -0.025334)
(0.504876 0.195925 -0.025334)
(0.509884 0.195951 -0.025334)
(0.514892 0.195977 -0.025334)
(0.5199 0.196003 -0.025334)
(0.524908 0.196029 -0.025334)
(0.529916 0.196055 -0.025334)
(0.534924 0.196081 -0.025334)
(0.539932 0.196107 -0.025334)
(0.54494 0.196133 -0.025334)
(0.549948 0.196159 -0.025334)
(0.554956 0.196185 -0.025334)
(0.559963 0.196211 -0.025334)
(0.564971 0.196237 -0.025334)
(0.569979 0.196263 -0.025334)
(0.574987 0.196289 -0.025334)
(0.579995 0.196315 -0.025334)
(0.585003 0.196341 -0.025334)
(0.590011 0.196367 -0.025334)
(0.595018 0.196393 -0.025334)
(0.24999 0.2 -0.025334)
(0.251062 0.2 -0.025334)
(0.252213 0.2 -0.025334)
(0.253446 0.2 -0.025334)
(0.254769 0.200001 -0.025334)
(0.256188 0.200001 -0.025334)
(0.25771 0.200002 -0.025334)
(0.259342 0.200002 -0.025334)
(0.261093 0.200003 -0.025334)
(0.262971 0.200005 -0.025334)
(0.264984 0.200006 -0.025334)
(0.267144 0.200008 -0.025334)
(0.26946 0.20001 -0.025334)
(0.271944 0.200012 -0.025334)
(0.274609 0.200015 -0.025334)
(0.277466 0.200019 -0.025334)
(0.280531 0.200023 -0.025334)
(0.283818 0.200028 -0.025334)
(0.287343 0.200033 -0.025334)
(0.291124 0.20004 -0.025334)
(0.295178 0.200048 -0.025334)
(0.299527 0.200057 -0.025334)
(0.304535 0.200068 -0.025334)
(0.309543 0.200079 -0.025334)
(0.314551 0.200092 -0.025334)
(0.319559 0.200106 -0.025334)
(0.324566 0.20012 -0.025334)
(0.329574 0.200135 -0.025334)
(0.334582 0.200151 -0.025334)
(0.33959 0.200167 -0.025334)
(0.344598 0.200184 -0.025334)
(0.349606 0.200202 -0.025334)
(0.354614 0.20022 -0.025334)
(0.359621 0.200239 -0.025334)
(0.364629 0.200258 -0.025334)
(0.369637 0.200278 -0.025334)
(0.374645 0.200298 -0.025334)
(0.379653 0.200319 -0.025334)
(0.384661 0.20034 -0.025334)
(0.389669 0.200362 -0.025334)
(0.394677 0.200384 -0.025334)
(0.399684 0.200406 -0.025334)
(0.404692 0.200429 -0.025334)
(0.4097 0.200452 -0.025334)
(0.414708 0.200475 -0.025334)
(0.419716 0.200499 -0.025334)
(0.424724 0.200522 -0.025334)
(0.429732 0.200546 -0.025334)
(0.43474 0.200571 -0.025334)
(0.439748 0.200595 -0.025334)
(0.444755 0.20062 -0.025334)
(0.449763 0.200645 -0.025334)
(0.454771 0.20067 -0.025334)
(0.459779 0.200695 -0.025334)
(0.464787 0.20072 -0.025334)
(0.469795 0.200745 -0.025334)
(0.474803 0.200771 -0.025334)
(0.479811 0.200796 -0.025334)
(0.484819 0.200822 -0.025334)
(0.489827 0.200848 -0.025334)
(0.494835 0.200873 -0.025334)
(0.499843 0.200899 -0.025334)
(0.50485 0.200925 -0.025334)
(0.509858 0.200951 -0.025334)
(0.514866 0.200977 -0.025334)
(0.519874 0.201003 -0.025334)
(0.524882 0.201029 -0.025334)
(0.52989 0.201055 -0.025334)
(0.534898 0.201081 -0.025334)
(0.539906 0.201107 -0.025334)
(0.544914 0.201133 -0.025334)
(0.549922 0.201159 -0.025334)
(0.55493 0.201185 -0.025334)
(0.559937 0.201211 -0.025334)
(0.564945 0.201237 -0.025334)
(0.569953 0.201263 -0.025334)
(0.574961 0.201289 -0.025334)
(0.579969 0.201315 -0.025334)
(0.584977 0.201341 -0.025334)
(0.589985 0.201367 -0.025334)
(0.594992 0.201393 -0.025334)
(0.24999 0.205 -0.025334)
(0.251062 0.205 -0.025334)
(0.252212 0.205001 -0.025334)
(0.253445 0.205001 -0.025334)
(0.254768 0.205001 -0.025334)
(0.256187 0.205002 -0.025334)
(0.257708 0.205002 -0.025334)
(0.25934 0.205003 -0.025334)
(0.26109 0.205004 -0.025334)
(0.262967 0.205005 -0.025334)
(0.264981 0.205007 -0.025334)
(0.26714 0.205008 -0.025334)
(0.269456 0.20501 -0.025334)
(0.271939 0.205013 -0.025334)
(0.274603 0.205016 -0.025334)
(0.27746 0.205019 -0.025334)
(0.280524 0.205023 -0.025334)
(0.28381 0.205028 -0.025334)
(0.287335 0.205034 -0.025334)
(0.291115 0.20504 -0.025334)
(0.295169 0.205048 -0.025334)
(0.299517 0.205057 -0.025334)
(0.304524 0.205068 -0.025334)
(0.309531 0.20508 -0.025334)
(0.314538 0.205093 -0.025334)
(0.319545 0.205106 -0.025334)
(0.324552 0.20512 -0.025334)
(0.329559 0.205135 -0.025334)
(0.334566 0.205151 -0.025334)
(0.339573 0.205167 -0.025334)
(0.344581 0.205184 -0.025334)
(0.349588 0.205202 -0.025334)
(0.354595 0.20522 -0.025334)
(0.359603 0.205239 -0.025334)
(0.36461 0.205258 -0.025334)
(0.369617 0.205278 -0.025334)
(0.374625 0.205298 -0.025334)
(0.379632 0.205319 -0.025334)
(0.38464 0.20534 -0.025334)
(0.389647 0.205362 -0.025334)
(0.394655 0.205384 -0.025334)
(0.399662 0.205406 -0.025334)
(0.40467 0.205429 -0.025334)
(0.409677 0.205452 -0.025334)
(0.414685 0.205475 -0.025334)
(0.419692 0.205499 -0.025334)
(0.4247 0.205522 -0.025334)
(0.429708 0.205546 -0.025334)
(0.434715 0.205571 -0.025334)
(0.439723 0.205595 -0.025334)
(0.444731 0.20562 -0.025334)
(0.449739 0.205645 -0.025334)
(0.454746 0.20567 -0.025334)
(0.459754 0.205695 -0.025334)
(0.464762 0.20572 -0.025334)
(0.46977 0.205745 -0.025334)
(0.474778 0.205771 -0.025334)
(0.479785 0.205796 -0.025334)
(0.484793 0.205822 -0.025334)
(0.489801 0.205847 -0.025334)
(0.494809 0.205873 -0.025334)
(0.499817 0.205899 -0.025334)
(0.504825 0.205925 -0.025334)
(0.509833 0.205951 -0.025334)
(0.51484 0.205977 -0.025334)
(0.519848 0.206002 -0.025334)
(0.524856 0.206028 -0.025334)
(0.529864 0.206054 -0.025334)
(0.534872 0.20608 -0.025334)
(0.53988 0.206106 -0.025334)
(0.544888 0.206132 -0.025334)
(0.549896 0.206158 -0.025334)
(0.554904 0.206185 -0.025334)
(0.559911 0.206211 -0.025334)
(0.564919 0.206237 -0.025334)
(0.569927 0.206263 -0.025334)
(0.574935 0.206289 -0.025334)
(0.579943 0.206315 -0.025334)
(0.584951 0.206341 -0.025334)
(0.589959 0.206367 -0.025334)
(0.594966 0.206393 -0.025334)
)


// ************************************************************************* //
