/*--------------------------------*- C++ -*----------------------------------*\
| =========                 |                                                 |
| \\      /  F ield         | OpenFOAM Extend Project: Open source CFD        |
|  \\    /   O peration     | Version:  1.6-ext                               |
|   \\  /    A nd           | Web:      www.extend-project.de                 |
|    \\/     M anipulation  |                                                 |
\*---------------------------------------------------------------------------*/
FoamFile
{
    version     2.0;
    format      ascii;
    class       vectorField;
    location    "0.8/polyMesh";
    object      points;
}
// * * * * * * * * * * * * * * * * * * * * * * * * * * * * * * * * * * * * * //


830
(
(0.299507 0.210053 0.025334)
(0.299544 0.190052 0.025334)
(0.600033 0.191163 0.025334)
(0.595026 0.191142 0.025334)
(0.590018 0.191122 0.025334)
(0.58501 0.191101 0.025334)
(0.580002 0.19108 0.025334)
(0.574994 0.19106 0.025334)
(0.569986 0.191039 0.025334)
(0.564978 0.191019 0.025334)
(0.559971 0.190998 0.025334)
(0.554963 0.190978 0.025334)
(0.549955 0.190957 0.025334)
(0.544947 0.190937 0.025334)
(0.539939 0.190916 0.025334)
(0.534931 0.190895 0.025334)
(0.529923 0.190875 0.025334)
(0.524915 0.190854 0.025334)
(0.519908 0.190834 0.025334)
(0.5149 0.190813 0.025334)
(0.509892 0.190793 0.025334)
(0.504884 0.190772 0.025334)
(0.499876 0.190752 0.025334)
(0.494868 0.190731 0.025334)
(0.48986 0.190711 0.025334)
(0.484852 0.190691 0.025334)
(0.479844 0.19067 0.025334)
(0.474836 0.19065 0.025334)
(0.469829 0.190629 0.025334)
(0.464821 0.190609 0.025334)
(0.459813 0.190589 0.025334)
(0.454805 0.190569 0.025334)
(0.449797 0.190549 0.025334)
(0.444789 0.190529 0.025334)
(0.439781 0.190509 0.025334)
(0.434773 0.190489 0.025334)
(0.429765 0.190469 0.025334)
(0.424757 0.190449 0.025334)
(0.419749 0.19043 0.025334)
(0.414741 0.19041 0.025334)
(0.409733 0.190391 0.025334)
(0.404724 0.190372 0.025334)
(0.399716 0.190353 0.025334)
(0.394708 0.190334 0.025334)
(0.3897 0.190316 0.025334)
(0.384692 0.190297 0.025334)
(0.379683 0.19028 0.025334)
(0.374675 0.190262 0.025334)
(0.369667 0.190245 0.025334)
(0.364658 0.190228 0.025334)
(0.35965 0.190211 0.025334)
(0.354641 0.190195 0.025334)
(0.349633 0.190179 0.025334)
(0.344624 0.190164 0.025334)
(0.339615 0.190149 0.025334)
(0.334607 0.190135 0.025334)
(0.329598 0.190121 0.025334)
(0.324589 0.190108 0.025334)
(0.31958 0.190095 0.025334)
(0.314571 0.190083 0.025334)
(0.309562 0.190072 0.025334)
(0.304553 0.190062 0.025334)
(0.599992 0.201163 0.025334)
(0.600013 0.196163 0.025334)
(0.599951 0.211162 0.025334)
(0.599972 0.206163 0.025334)
(0.304513 0.210062 0.025334)
(0.309519 0.210073 0.025334)
(0.314525 0.210084 0.025334)
(0.319532 0.210096 0.025334)
(0.324538 0.210109 0.025334)
(0.329545 0.210122 0.025334)
(0.334551 0.210135 0.025334)
(0.339558 0.21015 0.025334)
(0.344564 0.210164 0.025334)
(0.349571 0.21018 0.025334)
(0.354578 0.210195 0.025334)
(0.359585 0.210212 0.025334)
(0.364592 0.210228 0.025334)
(0.369599 0.210245 0.025334)
(0.374606 0.210262 0.025334)
(0.379613 0.21028 0.025334)
(0.38462 0.210298 0.025334)
(0.389627 0.210316 0.025334)
(0.394634 0.210334 0.025334)
(0.399642 0.210353 0.025334)
(0.404649 0.210372 0.025334)
(0.409656 0.210391 0.025334)
(0.414664 0.21041 0.025334)
(0.419671 0.21043 0.025334)
(0.424679 0.210449 0.025334)
(0.429686 0.210469 0.025334)
(0.434694 0.210489 0.025334)
(0.439701 0.210509 0.025334)
(0.444709 0.210529 0.025334)
(0.449717 0.210549 0.025334)
(0.454724 0.210569 0.025334)
(0.459732 0.210589 0.025334)
(0.46474 0.210609 0.025334)
(0.469748 0.210629 0.025334)
(0.474755 0.21065 0.025334)
(0.479763 0.21067 0.025334)
(0.484771 0.21069 0.025334)
(0.489779 0.210711 0.025334)
(0.494786 0.210731 0.025334)
(0.499794 0.210752 0.025334)
(0.504802 0.210772 0.025334)
(0.50981 0.210793 0.025334)
(0.514818 0.210813 0.025334)
(0.519826 0.210834 0.025334)
(0.524833 0.210854 0.025334)
(0.529841 0.210875 0.025334)
(0.534849 0.210895 0.025334)
(0.539857 0.210916 0.025334)
(0.544865 0.210936 0.025334)
(0.549873 0.210957 0.025334)
(0.554881 0.210977 0.025334)
(0.559888 0.210998 0.025334)
(0.564896 0.211018 0.025334)
(0.569904 0.211039 0.025334)
(0.574912 0.21106 0.025334)
(0.57992 0.21108 0.025334)
(0.584928 0.211101 0.025334)
(0.589936 0.211121 0.025334)
(0.594943 0.211142 0.025334)
(0.248989 0.210001 0.025334)
(0.249989 0.210001 0.025334)
(0.251061 0.210001 0.025334)
(0.252211 0.210002 0.025334)
(0.253444 0.210002 0.025334)
(0.254767 0.210002 0.025334)
(0.256185 0.210003 0.025334)
(0.257706 0.210003 0.025334)
(0.259338 0.210004 0.025334)
(0.261088 0.210005 0.025334)
(0.262964 0.210006 0.025334)
(0.264977 0.210007 0.025334)
(0.267136 0.210009 0.025334)
(0.269451 0.210011 0.025334)
(0.271934 0.210013 0.025334)
(0.274597 0.210016 0.025334)
(0.277454 0.210019 0.025334)
(0.280517 0.210022 0.025334)
(0.283803 0.210027 0.025334)
(0.287326 0.210032 0.025334)
(0.291106 0.210038 0.025334)
(0.295159 0.210045 0.025334)
(0.24899 0.19 0.025334)
(0.295194 0.190044 0.025334)
(0.291138 0.190037 0.025334)
(0.287356 0.190031 0.025334)
(0.28383 0.190026 0.025334)
(0.280542 0.190022 0.025334)
(0.277476 0.190018 0.025334)
(0.274618 0.190015 0.025334)
(0.271953 0.190012 0.025334)
(0.269468 0.19001 0.025334)
(0.267151 0.190008 0.025334)
(0.26499 0.190006 0.025334)
(0.262976 0.190005 0.025334)
(0.261098 0.190004 0.025334)
(0.259346 0.190003 0.025334)
(0.257714 0.190002 0.025334)
(0.256191 0.190002 0.025334)
(0.254771 0.190002 0.025334)
(0.253448 0.190001 0.025334)
(0.252214 0.190001 0.025334)
(0.251063 0.190001 0.025334)
(0.24999 0.190001 0.025334)
(0.24899 0.195 0.025334)
(0.24899 0.2 0.025334)
(0.24899 0.205 0.025334)
(0.24999 0.195 0.025334)
(0.251063 0.195 0.025334)
(0.252213 0.195 0.025334)
(0.253447 0.195001 0.025334)
(0.25477 0.195001 0.025334)
(0.256189 0.195001 0.025334)
(0.257712 0.195002 0.025334)
(0.259344 0.195002 0.025334)
(0.261095 0.195003 0.025334)
(0.262973 0.195004 0.025334)
(0.264987 0.195006 0.025334)
(0.267147 0.195007 0.025334)
(0.269463 0.195009 0.025334)
(0.271948 0.195011 0.025334)
(0.274613 0.195014 0.025334)
(0.277471 0.195017 0.025334)
(0.280536 0.195021 0.025334)
(0.283823 0.195025 0.025334)
(0.287349 0.19503 0.025334)
(0.29113 0.195036 0.025334)
(0.295185 0.195043 0.025334)
(0.299535 0.195051 0.025334)
(0.304543 0.195061 0.025334)
(0.309551 0.195072 0.025334)
(0.31456 0.195083 0.025334)
(0.319568 0.195095 0.025334)
(0.324576 0.195107 0.025334)
(0.329584 0.195121 0.025334)
(0.334593 0.195134 0.025334)
(0.339601 0.195149 0.025334)
(0.344609 0.195164 0.025334)
(0.349617 0.195179 0.025334)
(0.354625 0.195195 0.025334)
(0.359633 0.195211 0.025334)
(0.364642 0.195227 0.025334)
(0.36965 0.195244 0.025334)
(0.374658 0.195262 0.025334)
(0.379666 0.195279 0.025334)
(0.384674 0.195297 0.025334)
(0.389682 0.195316 0.025334)
(0.39469 0.195334 0.025334)
(0.399698 0.195353 0.025334)
(0.404706 0.195372 0.025334)
(0.409714 0.195391 0.025334)
(0.414721 0.19541 0.025334)
(0.419729 0.195429 0.025334)
(0.424737 0.195449 0.025334)
(0.429745 0.195469 0.025334)
(0.434753 0.195489 0.025334)
(0.439761 0.195508 0.025334)
(0.444769 0.195528 0.025334)
(0.449777 0.195549 0.025334)
(0.454785 0.195569 0.025334)
(0.459793 0.195589 0.025334)
(0.4648 0.195609 0.025334)
(0.469808 0.195629 0.025334)
(0.474816 0.19565 0.025334)
(0.479824 0.19567 0.025334)
(0.484832 0.195691 0.025334)
(0.48984 0.195711 0.025334)
(0.494848 0.195731 0.025334)
(0.499856 0.195752 0.025334)
(0.504863 0.195772 0.025334)
(0.509871 0.195793 0.025334)
(0.514879 0.195813 0.025334)
(0.519887 0.195834 0.025334)
(0.524895 0.195854 0.025334)
(0.529903 0.195875 0.025334)
(0.534911 0.195895 0.025334)
(0.539919 0.195916 0.025334)
(0.544926 0.195936 0.025334)
(0.549934 0.195957 0.025334)
(0.554942 0.195978 0.025334)
(0.55995 0.195998 0.025334)
(0.564958 0.196019 0.025334)
(0.569966 0.196039 0.025334)
(0.574974 0.19606 0.025334)
(0.579981 0.19608 0.025334)
(0.584989 0.196101 0.025334)
(0.589997 0.196122 0.025334)
(0.595005 0.196142 0.025334)
(0.24999 0.2 0.025334)
(0.251062 0.2 0.025334)
(0.252212 0.2 0.025334)
(0.253446 0.2 0.025334)
(0.254769 0.200001 0.025334)
(0.256188 0.200001 0.025334)
(0.25771 0.200002 0.025334)
(0.259342 0.200002 0.025334)
(0.261093 0.200003 0.025334)
(0.26297 0.200004 0.025334)
(0.264984 0.200006 0.025334)
(0.267143 0.200007 0.025334)
(0.269459 0.200009 0.025334)
(0.271943 0.200011 0.025334)
(0.274608 0.200014 0.025334)
(0.277465 0.200017 0.025334)
(0.28053 0.200021 0.025334)
(0.283816 0.200025 0.025334)
(0.287341 0.20003 0.025334)
(0.291122 0.200036 0.025334)
(0.295177 0.200043 0.025334)
(0.299525 0.200051 0.025334)
(0.304533 0.200061 0.025334)
(0.309541 0.200072 0.025334)
(0.314548 0.200083 0.025334)
(0.319556 0.200095 0.025334)
(0.324564 0.200107 0.025334)
(0.329571 0.200121 0.025334)
(0.334579 0.200134 0.025334)
(0.339586 0.200149 0.025334)
(0.344594 0.200164 0.025334)
(0.349602 0.200179 0.025334)
(0.35461 0.200195 0.025334)
(0.359617 0.200211 0.025334)
(0.364625 0.200227 0.025334)
(0.369633 0.200244 0.025334)
(0.37464 0.200262 0.025334)
(0.379648 0.200279 0.025334)
(0.384656 0.200297 0.025334)
(0.389663 0.200315 0.025334)
(0.394671 0.200334 0.025334)
(0.399679 0.200353 0.025334)
(0.404687 0.200372 0.025334)
(0.409694 0.200391 0.025334)
(0.414702 0.20041 0.025334)
(0.41971 0.200429 0.025334)
(0.424718 0.200449 0.025334)
(0.429726 0.200469 0.025334)
(0.434733 0.200488 0.025334)
(0.439741 0.200508 0.025334)
(0.444749 0.200528 0.025334)
(0.449757 0.200548 0.025334)
(0.454765 0.200569 0.025334)
(0.459772 0.200589 0.025334)
(0.46478 0.200609 0.025334)
(0.469788 0.200629 0.025334)
(0.474796 0.20065 0.025334)
(0.479804 0.20067 0.025334)
(0.484812 0.20069 0.025334)
(0.489819 0.200711 0.025334)
(0.494827 0.200731 0.025334)
(0.499835 0.200752 0.025334)
(0.504843 0.200772 0.025334)
(0.509851 0.200793 0.025334)
(0.514859 0.200813 0.025334)
(0.519867 0.200834 0.025334)
(0.524874 0.200854 0.025334)
(0.529882 0.200875 0.025334)
(0.53489 0.200895 0.025334)
(0.539898 0.200916 0.025334)
(0.544906 0.200936 0.025334)
(0.549914 0.200957 0.025334)
(0.554922 0.200977 0.025334)
(0.559929 0.200998 0.025334)
(0.564937 0.201019 0.025334)
(0.569945 0.201039 0.025334)
(0.574953 0.20106 0.025334)
(0.579961 0.20108 0.025334)
(0.584969 0.201101 0.025334)
(0.589977 0.201122 0.025334)
(0.594984 0.201142 0.025334)
(0.24999 0.205 0.025334)
(0.251062 0.205 0.025334)
(0.252212 0.205001 0.025334)
(0.253445 0.205001 0.025334)
(0.254768 0.205001 0.025334)
(0.256187 0.205002 0.025334)
(0.257708 0.205002 0.025334)
(0.25934 0.205003 0.025334)
(0.26109 0.205004 0.025334)
(0.262967 0.205005 0.025334)
(0.26498 0.205006 0.025334)
(0.26714 0.205008 0.025334)
(0.269455 0.20501 0.025334)
(0.271939 0.205012 0.025334)
(0.274603 0.205015 0.025334)
(0.277459 0.205018 0.025334)
(0.280523 0.205021 0.025334)
(0.28381 0.205026 0.025334)
(0.287334 0.205031 0.025334)
(0.291114 0.205037 0.025334)
(0.295168 0.205044 0.025334)
(0.299516 0.205052 0.025334)
(0.304523 0.205061 0.025334)
(0.30953 0.205072 0.025334)
(0.314537 0.205083 0.025334)
(0.319544 0.205095 0.025334)
(0.324551 0.205108 0.025334)
(0.329558 0.205121 0.025334)
(0.334565 0.205135 0.025334)
(0.339572 0.205149 0.025334)
(0.344579 0.205164 0.025334)
(0.349587 0.205179 0.025334)
(0.354594 0.205195 0.025334)
(0.359601 0.205211 0.025334)
(0.364608 0.205228 0.025334)
(0.369616 0.205245 0.025334)
(0.374623 0.205262 0.025334)
(0.37963 0.20528 0.025334)
(0.384638 0.205297 0.025334)
(0.389645 0.205316 0.025334)
(0.394653 0.205334 0.025334)
(0.39966 0.205353 0.025334)
(0.404668 0.205372 0.025334)
(0.409675 0.205391 0.025334)
(0.414683 0.20541 0.025334)
(0.419691 0.205429 0.025334)
(0.424698 0.205449 0.025334)
(0.429706 0.205469 0.025334)
(0.434714 0.205489 0.025334)
(0.439721 0.205508 0.025334)
(0.444729 0.205528 0.025334)
(0.449737 0.205549 0.025334)
(0.454744 0.205569 0.025334)
(0.459752 0.205589 0.025334)
(0.46476 0.205609 0.025334)
(0.469768 0.205629 0.025334)
(0.474776 0.20565 0.025334)
(0.479783 0.20567 0.025334)
(0.484791 0.20569 0.025334)
(0.489799 0.205711 0.025334)
(0.494807 0.205731 0.025334)
(0.499815 0.205752 0.025334)
(0.504823 0.205772 0.025334)
(0.50983 0.205793 0.025334)
(0.514838 0.205813 0.025334)
(0.519846 0.205834 0.025334)
(0.524854 0.205854 0.025334)
(0.529862 0.205875 0.025334)
(0.53487 0.205895 0.025334)
(0.539878 0.205916 0.025334)
(0.544885 0.205936 0.025334)
(0.549893 0.205957 0.025334)
(0.554901 0.205977 0.025334)
(0.559909 0.205998 0.025334)
(0.564917 0.206019 0.025334)
(0.569925 0.206039 0.025334)
(0.574933 0.20606 0.025334)
(0.57994 0.20608 0.025334)
(0.584948 0.206101 0.025334)
(0.589956 0.206121 0.025334)
(0.594964 0.206142 0.025334)
(0.299507 0.210053 -0.025334)
(0.299544 0.190052 -0.025334)
(0.600033 0.191163 -0.025334)
(0.595026 0.191142 -0.025334)
(0.590018 0.191122 -0.025334)
(0.58501 0.191101 -0.025334)
(0.580002 0.19108 -0.025334)
(0.574994 0.19106 -0.025334)
(0.569986 0.191039 -0.025334)
(0.564978 0.191019 -0.025334)
(0.559971 0.190998 -0.025334)
(0.554963 0.190978 -0.025334)
(0.549955 0.190957 -0.025334)
(0.544947 0.190937 -0.025334)
(0.539939 0.190916 -0.025334)
(0.534931 0.190895 -0.025334)
(0.529923 0.190875 -0.025334)
(0.524915 0.190854 -0.025334)
(0.519908 0.190834 -0.025334)
(0.5149 0.190813 -0.025334)
(0.509892 0.190793 -0.025334)
(0.504884 0.190772 -0.025334)
(0.499876 0.190752 -0.025334)
(0.494868 0.190731 -0.025334)
(0.48986 0.190711 -0.025334)
(0.484852 0.190691 -0.025334)
(0.479844 0.19067 -0.025334)
(0.474836 0.19065 -0.025334)
(0.469829 0.190629 -0.025334)
(0.464821 0.190609 -0.025334)
(0.459813 0.190589 -0.025334)
(0.454805 0.190569 -0.025334)
(0.449797 0.190549 -0.025334)
(0.444789 0.190529 -0.025334)
(0.439781 0.190509 -0.025334)
(0.434773 0.190489 -0.025334)
(0.429765 0.190469 -0.025334)
(0.424757 0.190449 -0.025334)
(0.419749 0.19043 -0.025334)
(0.414741 0.19041 -0.025334)
(0.409733 0.190391 -0.025334)
(0.404724 0.190372 -0.025334)
(0.399716 0.190353 -0.025334)
(0.394708 0.190334 -0.025334)
(0.3897 0.190316 -0.025334)
(0.384692 0.190297 -0.025334)
(0.379683 0.19028 -0.025334)
(0.374675 0.190262 -0.025334)
(0.369667 0.190245 -0.025334)
(0.364658 0.190228 -0.025334)
(0.35965 0.190211 -0.025334)
(0.354641 0.190195 -0.025334)
(0.349633 0.190179 -0.025334)
(0.344624 0.190164 -0.025334)
(0.339615 0.190149 -0.025334)
(0.334607 0.190135 -0.025334)
(0.329598 0.190121 -0.025334)
(0.324589 0.190108 -0.025334)
(0.31958 0.190095 -0.025334)
(0.314571 0.190083 -0.025334)
(0.309562 0.190072 -0.025334)
(0.304553 0.190062 -0.025334)
(0.599992 0.201163 -0.025334)
(0.600013 0.196163 -0.025334)
(0.599951 0.211162 -0.025334)
(0.599972 0.206163 -0.025334)
(0.304513 0.210062 -0.025334)
(0.309519 0.210073 -0.025334)
(0.314525 0.210084 -0.025334)
(0.319532 0.210096 -0.025334)
(0.324538 0.210109 -0.025334)
(0.329545 0.210122 -0.025334)
(0.334551 0.210135 -0.025334)
(0.339558 0.21015 -0.025334)
(0.344564 0.210164 -0.025334)
(0.349571 0.21018 -0.025334)
(0.354578 0.210195 -0.025334)
(0.359585 0.210212 -0.025334)
(0.364592 0.210228 -0.025334)
(0.369599 0.210245 -0.025334)
(0.374606 0.210262 -0.025334)
(0.379613 0.21028 -0.025334)
(0.38462 0.210298 -0.025334)
(0.389627 0.210316 -0.025334)
(0.394634 0.210334 -0.025334)
(0.399642 0.210353 -0.025334)
(0.404649 0.210372 -0.025334)
(0.409656 0.210391 -0.025334)
(0.414664 0.21041 -0.025334)
(0.419671 0.21043 -0.025334)
(0.424679 0.210449 -0.025334)
(0.429686 0.210469 -0.025334)
(0.434694 0.210489 -0.025334)
(0.439701 0.210509 -0.025334)
(0.444709 0.210529 -0.025334)
(0.449717 0.210549 -0.025334)
(0.454724 0.210569 -0.025334)
(0.459732 0.210589 -0.025334)
(0.46474 0.210609 -0.025334)
(0.469748 0.210629 -0.025334)
(0.474755 0.21065 -0.025334)
(0.479763 0.21067 -0.025334)
(0.484771 0.21069 -0.025334)
(0.489779 0.210711 -0.025334)
(0.494786 0.210731 -0.025334)
(0.499794 0.210752 -0.025334)
(0.504802 0.210772 -0.025334)
(0.50981 0.210793 -0.025334)
(0.514818 0.210813 -0.025334)
(0.519826 0.210834 -0.025334)
(0.524833 0.210854 -0.025334)
(0.529841 0.210875 -0.025334)
(0.534849 0.210895 -0.025334)
(0.539857 0.210916 -0.025334)
(0.544865 0.210936 -0.025334)
(0.549873 0.210957 -0.025334)
(0.554881 0.210977 -0.025334)
(0.559888 0.210998 -0.025334)
(0.564896 0.211018 -0.025334)
(0.569904 0.211039 -0.025334)
(0.574912 0.21106 -0.025334)
(0.57992 0.21108 -0.025334)
(0.584928 0.211101 -0.025334)
(0.589936 0.211121 -0.025334)
(0.594943 0.211142 -0.025334)
(0.248989 0.210001 -0.025334)
(0.249989 0.210001 -0.025334)
(0.251061 0.210001 -0.025334)
(0.252211 0.210002 -0.025334)
(0.253444 0.210002 -0.025334)
(0.254767 0.210002 -0.025334)
(0.256185 0.210003 -0.025334)
(0.257706 0.210003 -0.025334)
(0.259338 0.210004 -0.025334)
(0.261088 0.210005 -0.025334)
(0.262964 0.210006 -0.025334)
(0.264977 0.210007 -0.025334)
(0.267136 0.210009 -0.025334)
(0.269451 0.210011 -0.025334)
(0.271934 0.210013 -0.025334)
(0.274597 0.210016 -0.025334)
(0.277454 0.210019 -0.025334)
(0.280517 0.210022 -0.025334)
(0.283803 0.210027 -0.025334)
(0.287326 0.210032 -0.025334)
(0.291106 0.210038 -0.025334)
(0.295159 0.210045 -0.025334)
(0.24899 0.19 -0.025334)
(0.295194 0.190044 -0.025334)
(0.291138 0.190037 -0.025334)
(0.287356 0.190031 -0.025334)
(0.28383 0.190026 -0.025334)
(0.280542 0.190022 -0.025334)
(0.277476 0.190018 -0.025334)
(0.274618 0.190015 -0.025334)
(0.271953 0.190012 -0.025334)
(0.269468 0.19001 -0.025334)
(0.267151 0.190008 -0.025334)
(0.26499 0.190006 -0.025334)
(0.262976 0.190005 -0.025334)
(0.261098 0.190004 -0.025334)
(0.259346 0.190003 -0.025334)
(0.257714 0.190002 -0.025334)
(0.256191 0.190002 -0.025334)
(0.254771 0.190002 -0.025334)
(0.253448 0.190001 -0.025334)
(0.252214 0.190001 -0.025334)
(0.251063 0.190001 -0.025334)
(0.24999 0.190001 -0.025334)
(0.24899 0.195 -0.025334)
(0.24899 0.2 -0.025334)
(0.24899 0.205 -0.025334)
(0.24999 0.195 -0.025334)
(0.251063 0.195 -0.025334)
(0.252213 0.195 -0.025334)
(0.253447 0.195001 -0.025334)
(0.25477 0.195001 -0.025334)
(0.256189 0.195001 -0.025334)
(0.257712 0.195002 -0.025334)
(0.259344 0.195002 -0.025334)
(0.261095 0.195003 -0.025334)
(0.262973 0.195004 -0.025334)
(0.264987 0.195006 -0.025334)
(0.267147 0.195007 -0.025334)
(0.269463 0.195009 -0.025334)
(0.271948 0.195011 -0.025334)
(0.274613 0.195014 -0.025334)
(0.277471 0.195017 -0.025334)
(0.280536 0.195021 -0.025334)
(0.283823 0.195025 -0.025334)
(0.287349 0.19503 -0.025334)
(0.29113 0.195036 -0.025334)
(0.295185 0.195043 -0.025334)
(0.299535 0.195051 -0.025334)
(0.304543 0.195061 -0.025334)
(0.309551 0.195072 -0.025334)
(0.31456 0.195083 -0.025334)
(0.319568 0.195095 -0.025334)
(0.324576 0.195107 -0.025334)
(0.329584 0.195121 -0.025334)
(0.334593 0.195134 -0.025334)
(0.339601 0.195149 -0.025334)
(0.344609 0.195164 -0.025334)
(0.349617 0.195179 -0.025334)
(0.354625 0.195195 -0.025334)
(0.359633 0.195211 -0.025334)
(0.364642 0.195227 -0.025334)
(0.36965 0.195244 -0.025334)
(0.374658 0.195262 -0.025334)
(0.379666 0.195279 -0.025334)
(0.384674 0.195297 -0.025334)
(0.389682 0.195316 -0.025334)
(0.39469 0.195334 -0.025334)
(0.399698 0.195353 -0.025334)
(0.404706 0.195372 -0.025334)
(0.409714 0.195391 -0.025334)
(0.414721 0.19541 -0.025334)
(0.419729 0.195429 -0.025334)
(0.424737 0.195449 -0.025334)
(0.429745 0.195469 -0.025334)
(0.434753 0.195489 -0.025334)
(0.439761 0.195508 -0.025334)
(0.444769 0.195528 -0.025334)
(0.449777 0.195549 -0.025334)
(0.454785 0.195569 -0.025334)
(0.459793 0.195589 -0.025334)
(0.4648 0.195609 -0.025334)
(0.469808 0.195629 -0.025334)
(0.474816 0.19565 -0.025334)
(0.479824 0.19567 -0.025334)
(0.484832 0.195691 -0.025334)
(0.48984 0.195711 -0.025334)
(0.494848 0.195731 -0.025334)
(0.499856 0.195752 -0.025334)
(0.504863 0.195772 -0.025334)
(0.509871 0.195793 -0.025334)
(0.514879 0.195813 -0.025334)
(0.519887 0.195834 -0.025334)
(0.524895 0.195854 -0.025334)
(0.529903 0.195875 -0.025334)
(0.534911 0.195895 -0.025334)
(0.539919 0.195916 -0.025334)
(0.544926 0.195936 -0.025334)
(0.549934 0.195957 -0.025334)
(0.554942 0.195978 -0.025334)
(0.55995 0.195998 -0.025334)
(0.564958 0.196019 -0.025334)
(0.569966 0.196039 -0.025334)
(0.574974 0.19606 -0.025334)
(0.579981 0.19608 -0.025334)
(0.584989 0.196101 -0.025334)
(0.589997 0.196122 -0.025334)
(0.595005 0.196142 -0.025334)
(0.24999 0.2 -0.025334)
(0.251062 0.2 -0.025334)
(0.252212 0.2 -0.025334)
(0.253446 0.2 -0.025334)
(0.254769 0.200001 -0.025334)
(0.256188 0.200001 -0.025334)
(0.25771 0.200002 -0.025334)
(0.259342 0.200002 -0.025334)
(0.261093 0.200003 -0.025334)
(0.26297 0.200004 -0.025334)
(0.264984 0.200006 -0.025334)
(0.267143 0.200007 -0.025334)
(0.269459 0.200009 -0.025334)
(0.271943 0.200011 -0.025334)
(0.274608 0.200014 -0.025334)
(0.277465 0.200017 -0.025334)
(0.28053 0.200021 -0.025334)
(0.283816 0.200025 -0.025334)
(0.287341 0.20003 -0.025334)
(0.291122 0.200036 -0.025334)
(0.295177 0.200043 -0.025334)
(0.299525 0.200051 -0.025334)
(0.304533 0.200061 -0.025334)
(0.309541 0.200072 -0.025334)
(0.314548 0.200083 -0.025334)
(0.319556 0.200095 -0.025334)
(0.324564 0.200107 -0.025334)
(0.329571 0.200121 -0.025334)
(0.334579 0.200134 -0.025334)
(0.339586 0.200149 -0.025334)
(0.344594 0.200164 -0.025334)
(0.349602 0.200179 -0.025334)
(0.35461 0.200195 -0.025334)
(0.359617 0.200211 -0.025334)
(0.364625 0.200227 -0.025334)
(0.369633 0.200244 -0.025334)
(0.37464 0.200262 -0.025334)
(0.379648 0.200279 -0.025334)
(0.384656 0.200297 -0.025334)
(0.389663 0.200315 -0.025334)
(0.394671 0.200334 -0.025334)
(0.399679 0.200353 -0.025334)
(0.404687 0.200372 -0.025334)
(0.409694 0.200391 -0.025334)
(0.414702 0.20041 -0.025334)
(0.41971 0.200429 -0.025334)
(0.424718 0.200449 -0.025334)
(0.429726 0.200469 -0.025334)
(0.434733 0.200488 -0.025334)
(0.439741 0.200508 -0.025334)
(0.444749 0.200528 -0.025334)
(0.449757 0.200548 -0.025334)
(0.454765 0.200569 -0.025334)
(0.459772 0.200589 -0.025334)
(0.46478 0.200609 -0.025334)
(0.469788 0.200629 -0.025334)
(0.474796 0.20065 -0.025334)
(0.479804 0.20067 -0.025334)
(0.484812 0.20069 -0.025334)
(0.489819 0.200711 -0.025334)
(0.494827 0.200731 -0.025334)
(0.499835 0.200752 -0.025334)
(0.504843 0.200772 -0.025334)
(0.509851 0.200793 -0.025334)
(0.514859 0.200813 -0.025334)
(0.519867 0.200834 -0.025334)
(0.524874 0.200854 -0.025334)
(0.529882 0.200875 -0.025334)
(0.53489 0.200895 -0.025334)
(0.539898 0.200916 -0.025334)
(0.544906 0.200936 -0.025334)
(0.549914 0.200957 -0.025334)
(0.554922 0.200977 -0.025334)
(0.559929 0.200998 -0.025334)
(0.564937 0.201019 -0.025334)
(0.569945 0.201039 -0.025334)
(0.574953 0.20106 -0.025334)
(0.579961 0.20108 -0.025334)
(0.584969 0.201101 -0.025334)
(0.589977 0.201122 -0.025334)
(0.594984 0.201142 -0.025334)
(0.24999 0.205 -0.025334)
(0.251062 0.205 -0.025334)
(0.252212 0.205001 -0.025334)
(0.253445 0.205001 -0.025334)
(0.254768 0.205001 -0.025334)
(0.256187 0.205002 -0.025334)
(0.257708 0.205002 -0.025334)
(0.25934 0.205003 -0.025334)
(0.26109 0.205004 -0.025334)
(0.262967 0.205005 -0.025334)
(0.26498 0.205006 -0.025334)
(0.26714 0.205008 -0.025334)
(0.269455 0.20501 -0.025334)
(0.271939 0.205012 -0.025334)
(0.274603 0.205015 -0.025334)
(0.277459 0.205018 -0.025334)
(0.280523 0.205021 -0.025334)
(0.28381 0.205026 -0.025334)
(0.287334 0.205031 -0.025334)
(0.291114 0.205037 -0.025334)
(0.295168 0.205044 -0.025334)
(0.299516 0.205052 -0.025334)
(0.304523 0.205061 -0.025334)
(0.30953 0.205072 -0.025334)
(0.314537 0.205083 -0.025334)
(0.319544 0.205095 -0.025334)
(0.324551 0.205108 -0.025334)
(0.329558 0.205121 -0.025334)
(0.334565 0.205135 -0.025334)
(0.339572 0.205149 -0.025334)
(0.344579 0.205164 -0.025334)
(0.349587 0.205179 -0.025334)
(0.354594 0.205195 -0.025334)
(0.359601 0.205211 -0.025334)
(0.364608 0.205228 -0.025334)
(0.369616 0.205245 -0.025334)
(0.374623 0.205262 -0.025334)
(0.37963 0.20528 -0.025334)
(0.384638 0.205297 -0.025334)
(0.389645 0.205316 -0.025334)
(0.394653 0.205334 -0.025334)
(0.39966 0.205353 -0.025334)
(0.404668 0.205372 -0.025334)
(0.409675 0.205391 -0.025334)
(0.414683 0.20541 -0.025334)
(0.419691 0.205429 -0.025334)
(0.424698 0.205449 -0.025334)
(0.429706 0.205469 -0.025334)
(0.434714 0.205489 -0.025334)
(0.439721 0.205508 -0.025334)
(0.444729 0.205528 -0.025334)
(0.449737 0.205549 -0.025334)
(0.454744 0.205569 -0.025334)
(0.459752 0.205589 -0.025334)
(0.46476 0.205609 -0.025334)
(0.469768 0.205629 -0.025334)
(0.474776 0.20565 -0.025334)
(0.479783 0.20567 -0.025334)
(0.484791 0.20569 -0.025334)
(0.489799 0.205711 -0.025334)
(0.494807 0.205731 -0.025334)
(0.499815 0.205752 -0.025334)
(0.504823 0.205772 -0.025334)
(0.50983 0.205793 -0.025334)
(0.514838 0.205813 -0.025334)
(0.519846 0.205834 -0.025334)
(0.524854 0.205854 -0.025334)
(0.529862 0.205875 -0.025334)
(0.53487 0.205895 -0.025334)
(0.539878 0.205916 -0.025334)
(0.544885 0.205936 -0.025334)
(0.549893 0.205957 -0.025334)
(0.554901 0.205977 -0.025334)
(0.559909 0.205998 -0.025334)
(0.564917 0.206019 -0.025334)
(0.569925 0.206039 -0.025334)
(0.574933 0.20606 -0.025334)
(0.57994 0.20608 -0.025334)
(0.584948 0.206101 -0.025334)
(0.589956 0.206121 -0.025334)
(0.594964 0.206142 -0.025334)
)


// ************************************************************************* //
